Options:
Model:                           Discrete: Independent
Tree File Name:                  /Users/emeraldbender/Library/CloudStorage/OneDrive-MontanaStateUniversity/Desktop/disctrait_local/eubird_nest_dodo_indRJpredict/tree.nex
Data File Name:                  /Users/emeraldbender/Library/CloudStorage/OneDrive-MontanaStateUniversity/Desktop/disctrait_local/eubird_nest_dodo_indRJpredict/data.txt
Log File Name:                   eubird_nest_dodo_indRJprecict.Log.txt
Save Initial Trees:              False
Save Trees:                      False
Summary:                         False
Seed:                            2736979711
Precision:                       64 bits
Cores:                           1
Analysis Type:                   MCMC
Sample Period:                   3000
Iterations:                      2000000
Burn in:                         200000
MCMC ML Start:                   False
Schedule File:                   eubird_nest_dodo_indRJprecict.Schedule.txt
Rate Dev:                        AutoTune
No of Rates:                     4
Base frequency (PI's):           None
Pis used in ancestral state estimation:      Yes
Character Symbols:               00,01,10,11
Using a covarion model:          False
Normalise Q Matrix:              False
Load Model:                      eubird_nest_dodo_indRJ.bin
Estimating values for taxa and Sites
	Raphus_cucullatus   
Restrictions:
    alpha1                       None
    beta1                        None
    alpha2                       None
    beta2                        None
Prior Information:
    Prior Categories:            100
    Priors
        alpha1 - exp 10.00 
        beta1 - exp 10.00 
        alpha2 - exp 10.00 
        beta2 - exp 10.00 
Tree Information
     Trees:                      1
     Taxa:                       420
     Sites:                      1
     States:                     4
Iteration	Lh	Tree No	Model No	alpha1	beta1	alpha2	beta2	Est Raphus_cucullatus - 2	Root - P(0,0)	Root - P(0,1)	Root - P(1,0)	Root - P(1,1)	
201000	-345.091833	1	570	0.008502	0.008502	0.008502	0.008502	0	0.307492	0.482490	0.081747	0.128271	
204000	-344.858630	1	6	0.007869	0.007869	0.007869	0.007869	1	0.322015	0.484654	0.077176	0.116155	
207000	-344.925351	1	233	0.007982	0.007982	0.007982	0.007982	1	0.319342	0.484357	0.077998	0.118303	
210000	-341.240613	1	380	0.002145	0.009545	0.009545	0.009545	0	0.060928	0.101592	0.313967	0.523513	
213000	-344.832183	1	564	0.008236	0.008236	0.008236	0.008236	0	0.313458	0.483541	0.079840	0.123161	
216000	-344.795162	1	140	0.007070	0.007070	0.007070	0.007070	1	0.341921	0.485429	0.071352	0.101299	
219000	-344.533882	1	241	0.007763	0.007763	0.007763	0.007763	0	0.324559	0.484892	0.076403	0.114146	
222000	-344.842631	1	49	0.007838	0.007838	0.007838	0.007838	1	0.322754	0.484728	0.076950	0.115568	
225000	-344.485336	1	199	0.007243	0.007243	0.007243	0.007243	0	0.337459	0.485473	0.072610	0.104457	
228000	-345.601950	1	234	0.008908	0.008908	0.008908	0.008908	0	0.298745	0.480543	0.084611	0.136101	
231000	-344.475669	1	313	0.007549	0.007549	0.007549	0.007549	0	0.329782	0.485255	0.074840	0.110123	
234000	-340.744959	1	193	0.002656	0.009259	0.009259	0.009259	0	0.087735	0.144011	0.290847	0.477407	
237000	-344.506114	1	189	0.007682	0.007682	0.007682	0.007682	0	0.326502	0.485048	0.075817	0.112633	
240000	-344.769087	1	131	0.007140	0.007140	0.007140	0.007140	1	0.340100	0.485463	0.071862	0.102576	
243000	-340.744959	1	193	0.002656	0.009259	0.009259	0.009259	0	0.087735	0.144011	0.290847	0.477407	
246000	-340.744959	1	193	0.002656	0.009259	0.009259	0.009259	0	0.087735	0.144011	0.290847	0.477407	
249000	-344.765662	1	46	0.007151	0.007151	0.007151	0.007151	1	0.339820	0.485466	0.071940	0.102773	
252000	-344.615158	1	521	0.006937	0.006937	0.006937	0.006937	0	0.345384	0.485305	0.070396	0.098915	
255000	-344.895448	1	300	0.006886	0.006886	0.006886	0.006886	1	0.346737	0.485238	0.070027	0.097999	
258000	-340.744959	1	193	0.002656	0.009259	0.009259	0.009259	0	0.087735	0.144011	0.290847	0.477407	
261000	-344.987790	1	408	0.008072	0.008072	0.008072	0.008072	1	0.317232	0.484091	0.078653	0.120024	
264000	-344.906340	1	531	0.006870	0.006870	0.006870	0.006870	1	0.347156	0.485214	0.069913	0.097717	
267000	-346.244228	1	383	0.005952	0.005952	0.005952	0.005952	1	0.372671	0.481753	0.063495	0.082080	
270000	-344.563937	1	82	0.007027	0.007027	0.007027	0.007027	0	0.343038	0.485396	0.071042	0.100524	
273000	-344.466857	1	485	0.007460	0.007460	0.007460	0.007460	0	0.331970	0.485356	0.074196	0.108478	
276000	-344.755012	1	360	0.007605	0.007605	0.007605	0.007605	1	0.328400	0.485178	0.075249	0.111173	
279000	-344.538164	1	187	0.007081	0.007081	0.007081	0.007081	0	0.341617	0.485435	0.071437	0.101511	
282000	-344.726105	1	480	0.006788	0.006788	0.006788	0.006788	0	0.349340	0.485073	0.069325	0.096261	
285000	-344.695373	1	113	0.008060	0.008060	0.008060	0.008060	0	0.317519	0.484126	0.078565	0.119789	
288000	-347.200250	1	422	0.005533	0.005533	0.005533	0.005533	0	0.385085	0.478685	0.060734	0.075496	
291000	-340.744959	1	193	0.002656	0.009259	0.009259	0.009259	0	0.087735	0.144011	0.290847	0.477407	
294000	-341.065275	1	193	0.002656	0.009259	0.009259	0.009259	1	0.087734	0.144013	0.290843	0.477411	
297000	-341.065275	1	193	0.002656	0.009259	0.009259	0.009259	1	0.087734	0.144013	0.290843	0.477411	
300000	-344.634796	1	128	0.006907	0.006907	0.006907	0.006907	0	0.346172	0.485267	0.070181	0.098380	
303000	-344.580632	1	552	0.006995	0.006995	0.006995	0.006995	0	0.343859	0.485368	0.070815	0.099958	
306000	-344.664500	1	502	0.008014	0.008014	0.008014	0.008014	0	0.318595	0.484264	0.078231	0.118910	
309000	-345.114377	1	402	0.006633	0.006633	0.006633	0.006633	1	0.353510	0.484724	0.068222	0.093544	
312000	-344.881311	1	128	0.006907	0.006907	0.006907	0.006907	1	0.346171	0.485268	0.070181	0.098380	
315000	-344.707631	1	190	0.008077	0.008077	0.008077	0.008077	0	0.317113	0.484072	0.078692	0.120123	
318000	-344.654294	1	171	0.006879	0.006879	0.006879	0.006879	0	0.346911	0.485227	0.069980	0.097882	
321000	-342.261416	1	195	0.004305	0.009144	0.004305	0.009144	1	0.109501	0.332086	0.138470	0.419943	
324000	-344.800986	1	143	0.007746	0.007746	0.007746	0.007746	1	0.324966	0.484929	0.076279	0.113827	
327000	-344.983958	1	542	0.008067	0.008067	0.008067	0.008067	1	0.317353	0.484107	0.078616	0.119924	
330000	-344.742881	1	75	0.007548	0.007548	0.007548	0.007548	1	0.329786	0.485257	0.074838	0.110119	
333000	-344.829809	1	150	0.007812	0.007812	0.007812	0.007812	1	0.323384	0.484788	0.076759	0.115070	
336000	-344.795372	1	224	0.008192	0.008192	0.008192	0.008192	0	0.314462	0.483695	0.079523	0.122320	
339000	-345.015815	1	323	0.006734	0.006734	0.006734	0.006734	1	0.350801	0.484964	0.068935	0.095299	
342000	-345.248443	1	85	0.006518	0.006518	0.006518	0.006518	1	0.356677	0.484386	0.067402	0.091535	
345000	-344.745358	1	324	0.006766	0.006766	0.006766	0.006766	0	0.349931	0.485030	0.069167	0.095871	
348000	-344.929275	1	117	0.006838	0.006838	0.006838	0.006838	1	0.347998	0.485164	0.069686	0.097153	
351000	-341.065275	1	193	0.002656	0.009259	0.009259	0.009259	1	0.087734	0.144013	0.290843	0.477411	
354000	-344.852135	1	509	0.006656	0.006656	0.006656	0.006656	0	0.352888	0.484782	0.068385	0.093944	
357000	-342.261416	1	195	0.004305	0.009144	0.004305	0.009144	1	0.109501	0.332086	0.138470	0.419943	
360000	-345.590658	1	12	0.006282	0.006282	0.006282	0.006282	1	0.363220	0.483494	0.065756	0.087530	
363000	-344.980936	1	454	0.008063	0.008063	0.008063	0.008063	1	0.317450	0.484120	0.078586	0.119845	
366000	-344.881779	1	304	0.006629	0.006629	0.006629	0.006629	0	0.353633	0.484711	0.068190	0.093466	
369000	-345.113378	1	382	0.006444	0.006444	0.006444	0.006444	0	0.358698	0.484138	0.066887	0.090278	
372000	-341.065275	1	193	0.002656	0.009259	0.009259	0.009259	1	0.087734	0.144013	0.290843	0.477411	
375000	-344.611442	1	467	0.007926	0.007926	0.007926	0.007926	0	0.320664	0.484507	0.077592	0.117237	
378000	-345.253939	1	184	0.008375	0.008375	0.008375	0.008375	1	0.310303	0.483016	0.080842	0.125839	
381000	-345.264086	1	562	0.008651	0.008651	0.008651	0.008651	0	0.304225	0.481819	0.082808	0.131148	
384000	-345.345023	1	98	0.008462	0.008462	0.008462	0.008462	1	0.308371	0.482662	0.081462	0.127505	
387000	-345.153008	1	30	0.006598	0.006598	0.006598	0.006598	1	0.354473	0.484628	0.067971	0.092928	
390000	-344.490938	1	575	0.007219	0.007219	0.007219	0.007219	0	0.338065	0.485474	0.072438	0.104023	
393000	-344.500646	1	231	0.007664	0.007664	0.007664	0.007664	0	0.326958	0.485081	0.075681	0.112281	
396000	-344.499647	1	522	0.007187	0.007187	0.007187	0.007187	0	0.338884	0.485472	0.072205	0.103439	
399000	-345.398394	1	441	0.008510	0.008510	0.008510	0.008510	1	0.307306	0.482457	0.081806	0.128431	
402000	-344.749711	1	115	0.007582	0.007582	0.007582	0.007582	1	0.328955	0.485211	0.075084	0.110750	
405000	-344.541015	1	591	0.007781	0.007781	0.007781	0.007781	0	0.324129	0.484854	0.076533	0.114483	
408000	-344.501864	1	558	0.007180	0.007180	0.007180	0.007180	0	0.339074	0.485471	0.072151	0.103303	
411000	-344.814345	1	82	0.007027	0.007027	0.007027	0.007027	1	0.343037	0.485398	0.071042	0.100524	
414000	-344.553594	1	504	0.007810	0.007810	0.007810	0.007810	0	0.323417	0.484789	0.076749	0.115044	
417000	-344.821997	1	268	0.008224	0.008224	0.008224	0.008224	0	0.313730	0.483583	0.079754	0.122933	
420000	-344.958992	1	583	0.008032	0.008032	0.008032	0.008032	1	0.318169	0.484213	0.078362	0.119257	
423000	-344.755267	1	522	0.007187	0.007187	0.007187	0.007187	1	0.338882	0.485474	0.072205	0.103439	
426000	-344.820265	1	311	0.007791	0.007791	0.007791	0.007791	1	0.323879	0.484834	0.076608	0.114679	
429000	-341.065275	1	193	0.002656	0.009259	0.009259	0.009259	1	0.087734	0.144013	0.290843	0.477411	
432000	-344.477168	1	302	0.007558	0.007558	0.007558	0.007558	0	0.329546	0.485243	0.074910	0.110301	
435000	-344.465904	1	488	0.007417	0.007417	0.007417	0.007417	0	0.333066	0.485395	0.073876	0.107663	
438000	-344.465978	1	226	0.007409	0.007409	0.007409	0.007409	0	0.333265	0.485401	0.073818	0.107516	
441000	-344.754119	1	520	0.007601	0.007601	0.007601	0.007601	1	0.328489	0.485183	0.075223	0.111105	
444000	-344.884015	1	385	0.006627	0.006627	0.006627	0.006627	0	0.353688	0.484706	0.068176	0.093431	
447000	-344.711596	1	105	0.008083	0.008083	0.008083	0.008083	0	0.316983	0.484055	0.078732	0.120229	
450000	-344.567127	1	403	0.007840	0.007840	0.007840	0.007840	0	0.322706	0.484721	0.076966	0.115606	
453000	-344.789420	1	370	0.007716	0.007716	0.007716	0.007716	1	0.325689	0.484987	0.076061	0.113263	
456000	-344.820265	1	311	0.007791	0.007791	0.007791	0.007791	1	0.323879	0.484834	0.076608	0.114679	
459000	-345.172927	1	120	0.008292	0.008292	0.008292	0.008292	1	0.312170	0.483336	0.080247	0.124247	
462000	-344.747209	1	336	0.008131	0.008131	0.008131	0.008131	0	0.315866	0.483900	0.079082	0.121152	
465000	-344.745147	1	236	0.007231	0.007231	0.007231	0.007231	1	0.337768	0.485475	0.072521	0.104235	
468000	-345.718532	1	381	0.006093	0.006093	0.006093	0.006093	0	0.368585	0.482570	0.064456	0.084389	
471000	-344.482208	1	434	0.007586	0.007586	0.007586	0.007586	0	0.328851	0.485203	0.075116	0.110830	
474000	-344.468440	1	306	0.007486	0.007486	0.007486	0.007486	0	0.331343	0.485330	0.074380	0.108947	
477000	-344.631680	1	175	0.007961	0.007961	0.007961	0.007961	0	0.319836	0.484413	0.077847	0.117904	
480000	-341.240613	1	380	0.002145	0.009545	0.009545	0.009545	0	0.060928	0.101592	0.313967	0.523513	
483000	-344.676405	1	583	0.008032	0.008032	0.008032	0.008032	0	0.318171	0.484210	0.078362	0.119256	
486000	-344.506114	1	189	0.007682	0.007682	0.007682	0.007682	0	0.326502	0.485048	0.075817	0.112633	
489000	-344.660960	1	346	0.008008	0.008008	0.008008	0.008008	0	0.318724	0.484280	0.078191	0.118806	
492000	-344.815810	1	67	0.007024	0.007024	0.007024	0.007024	1	0.343117	0.485395	0.071019	0.100469	
495000	-344.541264	1	585	0.007074	0.007074	0.007074	0.007074	0	0.341800	0.485430	0.071386	0.101383	
498000	-344.503469	1	414	0.007674	0.007674	0.007674	0.007674	0	0.326718	0.485063	0.075752	0.112466	
501000	-344.474500	1	328	0.007302	0.007302	0.007302	0.007302	0	0.335957	0.485460	0.073040	0.105543	
504000	-344.466168	1	125	0.007442	0.007442	0.007442	0.007442	0	0.332437	0.485373	0.074059	0.108130	
507000	-341.240613	1	380	0.002145	0.009545	0.009545	0.009545	0	0.060928	0.101592	0.313967	0.523513	
510000	-344.734146	1	222	0.007490	0.007490	0.007490	0.007490	1	0.331238	0.485327	0.074410	0.109025	
513000	-344.734146	1	222	0.007490	0.007490	0.007490	0.007490	1	0.331238	0.485327	0.074410	0.109025	
516000	-340.744959	1	193	0.002656	0.009259	0.009259	0.009259	0	0.087735	0.144011	0.290847	0.477407	
519000	-344.968719	1	480	0.006788	0.006788	0.006788	0.006788	1	0.349339	0.485074	0.069325	0.096261	
522000	-344.962210	1	495	0.006560	0.006560	0.006560	0.006560	0	0.355525	0.484515	0.067699	0.092261	
525000	-344.648831	1	352	0.006887	0.006887	0.006887	0.006887	0	0.346708	0.485239	0.070035	0.098018	
528000	-344.774716	1	414	0.007674	0.007674	0.007674	0.007674	1	0.326716	0.485065	0.075752	0.112467	
531000	-344.474500	1	328	0.007302	0.007302	0.007302	0.007302	0	0.335957	0.485460	0.073040	0.105543	
534000	-344.755012	1	360	0.007605	0.007605	0.007605	0.007605	1	0.328400	0.485178	0.075249	0.111173	
537000	-344.678756	1	203	0.008035	0.008035	0.008035	0.008035	0	0.318089	0.484200	0.078388	0.119323	
540000	-340.744959	1	193	0.002656	0.009259	0.009259	0.009259	0	0.087735	0.144011	0.290847	0.477407	
543000	-345.044646	1	168	0.006495	0.006495	0.006495	0.006495	0	0.357308	0.484311	0.067240	0.091141	
546000	-341.065275	1	193	0.002656	0.009259	0.009259	0.009259	1	0.087734	0.144013	0.290843	0.477411	
549000	-341.240613	1	380	0.002145	0.009545	0.009545	0.009545	0	0.060928	0.101592	0.313967	0.523513	
552000	-344.465904	1	488	0.007417	0.007417	0.007417	0.007417	0	0.333066	0.485395	0.073876	0.107663	
555000	-344.736889	1	183	0.007511	0.007511	0.007511	0.007511	1	0.330704	0.485303	0.074567	0.109426	
558000	-344.541685	1	427	0.007782	0.007782	0.007782	0.007782	0	0.324090	0.484851	0.076545	0.114514	
561000	-344.535061	1	424	0.007766	0.007766	0.007766	0.007766	0	0.324487	0.484886	0.076425	0.114203	
564000	-344.511310	1	108	0.007699	0.007699	0.007699	0.007699	0	0.326096	0.485017	0.075939	0.112947	
567000	-344.905000	1	246	0.006872	0.006872	0.006872	0.006872	1	0.347105	0.485217	0.069927	0.097751	
570000	-344.538698	1	379	0.007775	0.007775	0.007775	0.007775	0	0.324266	0.484867	0.076491	0.114376	
573000	-344.568881	1	259	0.007844	0.007844	0.007844	0.007844	0	0.322618	0.484713	0.076993	0.115677	
576000	-344.516992	1	238	0.007716	0.007716	0.007716	0.007716	0	0.325679	0.484985	0.076065	0.113272	
579000	-344.566873	1	243	0.007021	0.007021	0.007021	0.007021	0	0.343187	0.485392	0.071001	0.100421	
582000	-344.490981	1	146	0.007627	0.007627	0.007627	0.007627	0	0.327862	0.485142	0.075410	0.111586	
585000	-345.831191	1	395	0.009064	0.009064	0.009064	0.009064	0	0.295506	0.479701	0.085690	0.139103	
588000	-343.588147	1	225	0.004368	0.004368	0.004368	0.008424	0	0.240681	0.646485	0.030611	0.082223	
591000	-345.695757	1	70	0.006104	0.006104	0.006104	0.006104	0	0.368265	0.482630	0.064532	0.084573	
594000	-344.468774	1	222	0.007490	0.007490	0.007490	0.007490	0	0.331240	0.485326	0.074410	0.109024	
597000	-344.506982	1	419	0.007163	0.007163	0.007163	0.007163	0	0.339494	0.485468	0.072033	0.103005	
600000	-345.096577	1	102	0.006456	0.006456	0.006456	0.006456	0	0.358365	0.484180	0.066971	0.090483	
603000	-344.470394	1	91	0.007507	0.007507	0.007507	0.007507	0	0.330807	0.485306	0.074537	0.109349	
606000	-344.526649	1	28	0.007109	0.007109	0.007109	0.007109	0	0.340900	0.485449	0.071637	0.102013	
609000	-345.086615	1	291	0.006660	0.006660	0.006660	0.006660	1	0.352787	0.484792	0.068411	0.094009	
612000	-340.744959	1	193	0.002656	0.009259	0.009259	0.009259	0	0.087735	0.144011	0.290847	0.477407	
615000	-344.475631	1	75	0.007548	0.007548	0.007548	0.007548	0	0.329788	0.485256	0.074838	0.110118	
618000	-345.705328	1	597	0.006216	0.006216	0.006216	0.006216	1	0.365097	0.483190	0.065296	0.086416	
621000	-344.762361	1	314	0.007633	0.007633	0.007633	0.007633	1	0.327716	0.485134	0.075453	0.111697	
624000	-344.495053	1	26	0.007203	0.007203	0.007203	0.007203	0	0.338467	0.485474	0.072323	0.103736	
627000	-341.569445	1	380	0.002145	0.009545	0.009545	0.009545	1	0.060927	0.101593	0.313962	0.523518	
630000	-344.619878	1	425	0.007941	0.007941	0.007941	0.007941	0	0.320312	0.484468	0.077700	0.117520	
633000	-344.613213	1	162	0.006940	0.006940	0.006940	0.006940	0	0.345303	0.485309	0.070418	0.098970	
636000	-341.569445	1	380	0.002145	0.009545	0.009545	0.009545	1	0.060927	0.101593	0.313962	0.523518	
639000	-345.150467	1	107	0.008268	0.008268	0.008268	0.008268	1	0.312718	0.483425	0.080073	0.123783	
642000	-341.065275	1	193	0.002656	0.009259	0.009259	0.009259	1	0.087734	0.144013	0.290843	0.477411	
645000	-344.843657	1	403	0.007840	0.007840	0.007840	0.007840	1	0.322705	0.484723	0.076965	0.115607	
648000	-344.516629	1	286	0.007715	0.007715	0.007715	0.007715	0	0.325705	0.484987	0.076057	0.113252	
651000	-344.742926	1	313	0.007549	0.007549	0.007549	0.007549	1	0.329781	0.485257	0.074840	0.110123	
654000	-345.091833	1	570	0.008502	0.008502	0.008502	0.008502	0	0.307492	0.482490	0.081747	0.128271	
657000	-345.010263	1	469	0.006740	0.006740	0.006740	0.006740	1	0.350636	0.484977	0.068979	0.095408	
660000	-346.259549	1	594	0.009330	0.009330	0.009330	0.009330	0	0.290156	0.478167	0.087492	0.144184	
663000	-344.644340	1	233	0.007982	0.007982	0.007982	0.007982	0	0.319344	0.484355	0.077999	0.118302	
666000	-345.458534	1	178	0.006365	0.006365	0.006365	0.006365	1	0.360888	0.483842	0.066335	0.088935	
669000	-340.744959	1	193	0.002656	0.009259	0.009259	0.009259	0	0.087735	0.144011	0.290847	0.477407	
672000	-341.240613	1	380	0.002145	0.009545	0.009545	0.009545	0	0.060928	0.101592	0.313967	0.523513	
675000	-344.515000	1	131	0.007140	0.007140	0.007140	0.007140	0	0.340101	0.485461	0.071862	0.102576	
678000	-344.506255	1	326	0.007683	0.007683	0.007683	0.007683	0	0.326490	0.485047	0.075821	0.112642	
681000	-341.240613	1	380	0.002145	0.009545	0.009545	0.009545	0	0.060928	0.101592	0.313967	0.523513	
684000	-344.731438	1	282	0.007326	0.007326	0.007326	0.007326	1	0.335343	0.485452	0.073216	0.105989	
687000	-341.569445	1	380	0.002145	0.009545	0.009545	0.009545	1	0.060927	0.101593	0.313962	0.523518	
690000	-344.571774	1	398	0.007012	0.007012	0.007012	0.007012	0	0.343432	0.485384	0.070933	0.100252	
693000	-344.466151	1	35	0.007441	0.007441	0.007441	0.007441	0	0.332454	0.485374	0.074055	0.108118	
696000	-341.240613	1	380	0.002145	0.009545	0.009545	0.009545	0	0.060928	0.101592	0.313967	0.523513	
699000	-344.938255	1	332	0.006827	0.006827	0.006827	0.006827	1	0.348314	0.485144	0.069600	0.096942	
702000	-344.729299	1	96	0.007428	0.007428	0.007428	0.007428	1	0.332791	0.485387	0.073956	0.107867	
705000	-344.511452	1	371	0.007150	0.007150	0.007150	0.007150	0	0.339839	0.485465	0.071936	0.102761	
708000	-345.429153	1	396	0.006385	0.006385	0.006385	0.006385	1	0.360341	0.483918	0.066472	0.089269	
711000	-344.654344	1	57	0.007998	0.007998	0.007998	0.007998	0	0.318968	0.484310	0.078115	0.118608	
714000	-344.829270	1	576	0.007810	0.007810	0.007810	0.007810	1	0.323411	0.484791	0.076750	0.115048	
717000	-344.754907	1	532	0.007189	0.007189	0.007189	0.007189	1	0.338847	0.485474	0.072215	0.103464	
720000	-344.613676	1	444	0.007930	0.007930	0.007930	0.007930	0	0.320569	0.484497	0.077621	0.117313	
723000	-344.731404	1	14	0.007462	0.007462	0.007462	0.007462	1	0.331933	0.485356	0.074206	0.108505	
726000	-344.468975	1	45	0.007492	0.007492	0.007492	0.007492	0	0.331181	0.485323	0.074428	0.109069	
729000	-340.744959	1	193	0.002656	0.009259	0.009259	0.009259	0	0.087735	0.144011	0.290847	0.477407	
732000	-344.465895	1	511	0.007419	0.007419	0.007419	0.007419	0	0.332995	0.485392	0.073897	0.107716	
735000	-341.569445	1	380	0.002145	0.009545	0.009545	0.009545	1	0.060927	0.101593	0.313962	0.523518	
738000	-344.797193	1	341	0.007065	0.007065	0.007065	0.007065	1	0.342046	0.485426	0.071317	0.101211	
741000	-344.894518	1	42	0.007932	0.007932	0.007932	0.007932	1	0.320509	0.484492	0.077638	0.117360	
744000	-344.954714	1	254	0.008026	0.008026	0.008026	0.008026	1	0.318313	0.484231	0.078317	0.119139	
747000	-344.751808	1	275	0.007201	0.007201	0.007201	0.007201	1	0.338530	0.485475	0.072305	0.103690	
750000	-344.467106	1	351	0.007376	0.007376	0.007376	0.007376	0	0.334091	0.485424	0.073578	0.106907	
753000	-344.742058	1	394	0.007247	0.007247	0.007247	0.007247	1	0.337362	0.485474	0.072637	0.104527	
756000	-342.261416	1	195	0.004305	0.009144	0.004305	0.009144	1	0.109501	0.332086	0.138470	0.419943	
759000	-345.458534	1	178	0.006365	0.006365	0.006365	0.006365	1	0.360888	0.483842	0.066335	0.088935	
762000	-344.685014	1	117	0.006838	0.006838	0.006838	0.006838	0	0.347999	0.485163	0.069686	0.097152	
765000	-344.795073	1	285	0.007070	0.007070	0.007070	0.007070	1	0.341915	0.485429	0.071353	0.101303	
768000	-344.466927	1	14	0.007462	0.007462	0.007462	0.007462	0	0.331934	0.485354	0.074207	0.108505	
771000	-344.750674	1	434	0.007586	0.007586	0.007586	0.007586	1	0.328850	0.485205	0.075115	0.110830	
774000	-345.021671	1	23	0.008436	0.008436	0.008436	0.008436	0	0.308954	0.482768	0.081276	0.127001	
777000	-345.342820	1	201	0.006295	0.006295	0.006295	0.006295	0	0.362854	0.483550	0.065847	0.087749	
780000	-345.024802	1	106	0.008439	0.008439	0.008439	0.008439	0	0.308887	0.482756	0.081298	0.127059	
783000	-344.467887	1	329	0.007478	0.007478	0.007478	0.007478	0	0.331531	0.485338	0.074325	0.108806	
786000	-344.640099	1	367	0.007975	0.007975	0.007975	0.007975	0	0.319507	0.484375	0.077948	0.118170	
789000	-344.728698	1	221	0.007382	0.007382	0.007382	0.007382	1	0.333928	0.485421	0.073625	0.107026	
792000	-344.830076	1	249	0.007812	0.007812	0.007812	0.007812	1	0.323370	0.484787	0.076763	0.115080	
795000	-345.199846	1	396	0.006385	0.006385	0.006385	0.006385	0	0.360342	0.483918	0.066472	0.089268	
798000	-344.918305	1	587	0.008331	0.008331	0.008331	0.008331	0	0.311292	0.483185	0.080528	0.124995	
801000	-344.729299	1	96	0.007428	0.007428	0.007428	0.007428	1	0.332791	0.485387	0.073956	0.107867	
804000	-344.568881	1	259	0.007844	0.007844	0.007844	0.007844	0	0.322618	0.484713	0.076993	0.115677	
807000	-344.953913	1	44	0.006806	0.006806	0.006806	0.006806	1	0.348850	0.485108	0.069456	0.096586	
810000	-344.526649	1	28	0.007109	0.007109	0.007109	0.007109	0	0.340900	0.485449	0.071637	0.102013	
813000	-344.896907	1	581	0.006884	0.006884	0.006884	0.006884	1	0.346793	0.485235	0.070011	0.097960	
816000	-344.907882	1	118	0.006868	0.006868	0.006868	0.006868	1	0.347214	0.485211	0.069897	0.097677	
819000	-344.496410	1	17	0.007648	0.007648	0.007648	0.007648	0	0.327336	0.485107	0.075567	0.111990	
822000	-344.875362	1	426	0.006917	0.006917	0.006917	0.006917	1	0.345926	0.485280	0.070248	0.098546	
825000	-344.766849	1	17	0.007648	0.007648	0.007648	0.007648	1	0.327334	0.485109	0.075567	0.111990	
828000	-344.466168	1	125	0.007442	0.007442	0.007442	0.007442	0	0.332437	0.485373	0.074059	0.108130	
831000	-344.466089	1	363	0.007402	0.007402	0.007402	0.007402	0	0.333419	0.485406	0.073773	0.107402	
834000	-344.471097	1	307	0.007514	0.007514	0.007514	0.007514	0	0.330644	0.485299	0.074585	0.109472	
837000	-344.547770	1	3	0.007797	0.007797	0.007797	0.007797	0	0.323740	0.484819	0.076651	0.114790	
840000	-345.300746	1	132	0.006321	0.006321	0.006321	0.006321	0	0.362138	0.483659	0.066024	0.088179	
843000	-344.468975	1	45	0.007492	0.007492	0.007492	0.007492	0	0.331181	0.485323	0.074428	0.109069	
846000	-344.732884	1	329	0.007478	0.007478	0.007478	0.007478	1	0.331529	0.485340	0.074324	0.108807	
849000	-344.615763	1	55	0.006936	0.006936	0.006936	0.006936	0	0.345409	0.485304	0.070389	0.098897	
852000	-344.608374	1	561	0.007920	0.007920	0.007920	0.007920	0	0.320794	0.484522	0.077552	0.117133	
855000	-342.261416	1	195	0.004305	0.009144	0.004305	0.009144	1	0.109501	0.332086	0.138470	0.419943	
858000	-345.316870	1	23	0.008436	0.008436	0.008436	0.008436	1	0.308952	0.482771	0.081276	0.127002	
861000	-344.761833	1	419	0.007163	0.007163	0.007163	0.007163	1	0.339492	0.485469	0.072033	0.103006	
864000	-344.730386	1	404	0.007448	0.007448	0.007448	0.007448	1	0.332278	0.485369	0.074105	0.108248	
867000	-345.590658	1	12	0.006282	0.006282	0.006282	0.006282	1	0.363220	0.483494	0.065756	0.087530	
870000	-344.746842	1	78	0.007223	0.007223	0.007223	0.007223	1	0.337975	0.485476	0.072462	0.104087	
873000	-344.490981	1	146	0.007627	0.007627	0.007627	0.007627	0	0.327862	0.485142	0.075410	0.111586	
876000	-345.015815	1	323	0.006734	0.006734	0.006734	0.006734	1	0.350801	0.484964	0.068935	0.095299	
879000	-345.050665	1	325	0.006490	0.006490	0.006490	0.006490	0	0.357433	0.484296	0.067209	0.091063	
882000	-344.771860	1	545	0.007665	0.007665	0.007665	0.007665	1	0.326934	0.485081	0.075687	0.112298	
885000	-344.880969	1	556	0.007909	0.007909	0.007909	0.007909	1	0.321056	0.484553	0.077470	0.116921	
888000	-344.479722	1	471	0.007573	0.007573	0.007573	0.007573	0	0.329178	0.485222	0.075019	0.110581	
891000	-344.465936	1	374	0.007412	0.007412	0.007412	0.007412	0	0.333178	0.485398	0.073843	0.107580	
894000	-340.744959	1	193	0.002656	0.009259	0.009259	0.009259	0	0.087735	0.144011	0.290847	0.477407	
897000	-344.588191	1	158	0.007883	0.007883	0.007883	0.007883	0	0.321689	0.484618	0.077277	0.116416	
900000	-344.754046	1	496	0.007601	0.007601	0.007601	0.007601	1	0.328497	0.485184	0.075220	0.111099	
903000	-345.648728	1	130	0.008941	0.008941	0.008941	0.008941	0	0.298057	0.480370	0.084839	0.136733	
906000	-344.511452	1	371	0.007150	0.007150	0.007150	0.007150	0	0.339839	0.485465	0.071936	0.102761	
909000	-345.459237	1	595	0.006365	0.006365	0.006365	0.006365	1	0.360901	0.483840	0.066332	0.088927	
912000	-344.466049	1	406	0.007404	0.007404	0.007404	0.007404	0	0.333370	0.485404	0.073787	0.107438	
915000	-344.728664	1	584	0.007385	0.007385	0.007385	0.007385	1	0.333861	0.485419	0.073644	0.107076	
918000	-344.571774	1	398	0.007012	0.007012	0.007012	0.007012	0	0.343432	0.485384	0.070933	0.100252	
921000	-344.684953	1	443	0.008044	0.008044	0.008044	0.008044	0	0.317874	0.484172	0.078455	0.119499	
924000	-345.797735	1	8	0.006165	0.006165	0.006165	0.006165	1	0.366528	0.482945	0.064949	0.085578	
927000	-344.485336	1	199	0.007243	0.007243	0.007243	0.007243	0	0.337459	0.485473	0.072610	0.104457	
930000	-343.897143	1	225	0.004368	0.004368	0.004368	0.008424	1	0.240681	0.646485	0.030611	0.082223	
933000	-344.893048	1	444	0.007930	0.007930	0.007930	0.007930	1	0.320568	0.484499	0.077620	0.117313	
936000	-344.991645	1	190	0.008077	0.008077	0.008077	0.008077	1	0.317111	0.484074	0.078691	0.120124	
939000	-341.065275	1	193	0.002656	0.009259	0.009259	0.009259	1	0.087734	0.144013	0.290843	0.477411	
942000	-345.366698	1	110	0.008733	0.008733	0.008733	0.008733	0	0.302451	0.481427	0.083389	0.132734	
945000	-344.639120	1	124	0.007973	0.007973	0.007973	0.007973	0	0.319545	0.484379	0.077937	0.118140	
948000	-342.261416	1	195	0.004305	0.009144	0.004305	0.009144	1	0.109501	0.332086	0.138470	0.419943	
951000	-344.615069	1	42	0.007932	0.007932	0.007932	0.007932	0	0.320511	0.484490	0.077639	0.117360	
954000	-344.602336	1	321	0.006958	0.006958	0.006958	0.006958	0	0.344841	0.485329	0.070545	0.099285	
957000	-344.479722	1	471	0.007573	0.007573	0.007573	0.007573	0	0.329178	0.485222	0.075019	0.110581	
960000	-345.106122	1	373	0.006641	0.006641	0.006641	0.006641	1	0.353298	0.484744	0.068277	0.093680	
963000	-344.497093	1	492	0.007196	0.007196	0.007196	0.007196	0	0.338656	0.485473	0.072270	0.103601	
966000	-344.466048	1	309	0.007405	0.007405	0.007405	0.007405	0	0.333369	0.485404	0.073788	0.107440	
969000	-345.172624	1	53	0.006581	0.006581	0.006581	0.006581	1	0.354945	0.484578	0.067848	0.092628	
972000	-343.588147	1	225	0.004368	0.004368	0.004368	0.008424	0	0.240681	0.646485	0.030611	0.082223	
975000	-344.860804	1	162	0.006940	0.006940	0.006940	0.006940	1	0.345302	0.485310	0.070418	0.098970	
978000	-344.864663	1	368	0.006934	0.006934	0.006934	0.006934	1	0.345471	0.485302	0.070372	0.098855	
981000	-344.482208	1	434	0.007586	0.007586	0.007586	0.007586	0	0.328851	0.485203	0.075116	0.110830	
984000	-344.945567	1	237	0.008360	0.008360	0.008360	0.008360	0	0.310651	0.483074	0.080732	0.125542	
987000	-344.555680	1	465	0.007043	0.007043	0.007043	0.007043	0	0.342606	0.485409	0.071162	0.100823	
990000	-344.492041	1	294	0.007215	0.007215	0.007215	0.007215	0	0.338176	0.485474	0.072406	0.103944	
993000	-344.554669	1	565	0.007045	0.007045	0.007045	0.007045	0	0.342552	0.485411	0.071177	0.100861	
996000	-344.511224	1	46	0.007151	0.007151	0.007151	0.007151	0	0.339822	0.485465	0.071940	0.102773	
999000	-344.466927	1	14	0.007462	0.007462	0.007462	0.007462	0	0.331934	0.485354	0.074207	0.108505	
1002000	-341.065275	1	193	0.002656	0.009259	0.009259	0.009259	1	0.087734	0.144013	0.290843	0.477411	
1005000	-344.713691	1	514	0.006803	0.006803	0.006803	0.006803	0	0.348947	0.485101	0.069431	0.096522	
1008000	-341.569445	1	380	0.002145	0.009545	0.009545	0.009545	1	0.060927	0.101593	0.313962	0.523518	
1011000	-344.742757	1	199	0.007243	0.007243	0.007243	0.007243	1	0.337458	0.485475	0.072610	0.104458	
1014000	-344.834274	1	559	0.008238	0.008238	0.008238	0.008238	0	0.313402	0.483532	0.079858	0.123208	
1017000	-344.947658	1	479	0.006814	0.006814	0.006814	0.006814	1	0.348638	0.485123	0.069513	0.096726	
1020000	-344.471000	1	546	0.007513	0.007513	0.007513	0.007513	0	0.330666	0.485300	0.074579	0.109455	
1023000	-341.569445	1	380	0.002145	0.009545	0.009545	0.009545	1	0.060927	0.101593	0.313962	0.523518	
1026000	-344.699675	1	566	0.006820	0.006820	0.006820	0.006820	0	0.348491	0.485131	0.069553	0.096824	
1029000	-344.678756	1	203	0.008035	0.008035	0.008035	0.008035	0	0.318089	0.484200	0.078388	0.119323	
1032000	-344.483842	1	250	0.007595	0.007595	0.007595	0.007595	0	0.328650	0.485191	0.075176	0.110983	
1035000	-343.897143	1	225	0.004368	0.004368	0.004368	0.008424	1	0.240681	0.646485	0.030611	0.082223	
1038000	-344.860804	1	162	0.006940	0.006940	0.006940	0.006940	1	0.345302	0.485310	0.070418	0.098970	
1041000	-344.541015	1	591	0.007781	0.007781	0.007781	0.007781	0	0.324129	0.484854	0.076533	0.114483	
1044000	-344.905848	1	462	0.007951	0.007951	0.007951	0.007951	1	0.320069	0.484442	0.077774	0.117715	
1047000	-346.179899	1	196	0.009086	0.009086	0.009086	0.009086	1	0.295052	0.479582	0.085840	0.139525	
1050000	-344.729498	1	279	0.007432	0.007432	0.007432	0.007432	1	0.332675	0.485383	0.073989	0.107952	
1053000	-344.755826	1	204	0.008142	0.008142	0.008142	0.008142	0	0.315606	0.483863	0.079163	0.121367	
1056000	-344.667906	1	194	0.006861	0.006861	0.006861	0.006861	0	0.347403	0.485199	0.069847	0.097551	
1059000	-344.925351	1	233	0.007982	0.007982	0.007982	0.007982	1	0.319342	0.484357	0.077998	0.118303	
1062000	-344.982362	1	539	0.006543	0.006543	0.006543	0.006543	0	0.355974	0.484466	0.067583	0.091977	
1065000	-344.538698	1	379	0.007775	0.007775	0.007775	0.007775	0	0.324266	0.484867	0.076491	0.114376	
1068000	-341.569445	1	380	0.002145	0.009545	0.009545	0.009545	1	0.060927	0.101593	0.313962	0.523518	
1071000	-344.742758	1	153	0.007243	0.007243	0.007243	0.007243	1	0.337458	0.485475	0.072610	0.104458	
1074000	-344.808376	1	123	0.008208	0.008208	0.008208	0.008208	0	0.314101	0.483640	0.079637	0.122622	
1077000	-344.465925	1	96	0.007428	0.007428	0.007428	0.007428	0	0.332792	0.485386	0.073956	0.107866	
1080000	-341.065275	1	193	0.002656	0.009259	0.009259	0.009259	1	0.087734	0.144013	0.290843	0.477411	
1083000	-344.471000	1	546	0.007513	0.007513	0.007513	0.007513	0	0.330666	0.485300	0.074579	0.109455	
1086000	-344.471097	1	307	0.007514	0.007514	0.007514	0.007514	0	0.330644	0.485299	0.074585	0.109472	
1089000	-345.349866	1	288	0.008720	0.008720	0.008720	0.008720	0	0.302734	0.481491	0.083296	0.132480	
1092000	-341.925819	1	195	0.004305	0.009144	0.004305	0.009144	0	0.109501	0.332086	0.138471	0.419943	
1095000	-344.737480	1	248	0.007515	0.007515	0.007515	0.007515	1	0.330601	0.485298	0.074597	0.109503	
1098000	-344.541585	1	319	0.007782	0.007782	0.007782	0.007782	0	0.324095	0.484851	0.076543	0.114510	
1101000	-344.496430	1	411	0.007648	0.007648	0.007648	0.007648	0	0.327334	0.485107	0.075568	0.111991	
1104000	-344.559012	1	41	0.007822	0.007822	0.007822	0.007822	0	0.323127	0.484762	0.076838	0.115274	
1107000	-346.218723	1	33	0.009111	0.009111	0.009111	0.009111	1	0.294550	0.479444	0.086008	0.139998	
1110000	-344.597544	1	22	0.007900	0.007900	0.007900	0.007900	0	0.321266	0.484573	0.077407	0.116754	
1113000	-344.659639	1	246	0.006872	0.006872	0.006872	0.006872	0	0.347106	0.485216	0.069927	0.097751	
1116000	-341.240613	1	380	0.002145	0.009545	0.009545	0.009545	0	0.060928	0.101592	0.313967	0.523513	
1119000	-341.065275	1	193	0.002656	0.009259	0.009259	0.009259	1	0.087734	0.144013	0.290843	0.477411	
1122000	-344.815810	1	67	0.007024	0.007024	0.007024	0.007024	1	0.343117	0.485395	0.071019	0.100469	
1125000	-344.511310	1	108	0.007699	0.007699	0.007699	0.007699	0	0.326096	0.485017	0.075939	0.112947	
1128000	-340.744959	1	193	0.002656	0.009259	0.009259	0.009259	0	0.087735	0.144011	0.290847	0.477407	
1131000	-344.877349	1	468	0.007903	0.007903	0.007903	0.007903	1	0.321207	0.484569	0.077424	0.116801	
1134000	-345.349866	1	288	0.008720	0.008720	0.008720	0.008720	0	0.302734	0.481491	0.083296	0.132480	
1137000	-344.465895	1	284	0.007421	0.007421	0.007421	0.007421	0	0.332956	0.485391	0.073908	0.107745	
1140000	-341.240613	1	380	0.002145	0.009545	0.009545	0.009545	0	0.060928	0.101592	0.313967	0.523513	
1143000	-344.625810	1	462	0.007951	0.007951	0.007951	0.007951	0	0.320071	0.484440	0.077774	0.117715	
1146000	-344.571774	1	398	0.007012	0.007012	0.007012	0.007012	0	0.343432	0.485384	0.070933	0.100252	
1149000	-344.467899	1	416	0.007363	0.007363	0.007363	0.007363	0	0.334412	0.485432	0.073485	0.106671	
1152000	-344.829183	1	504	0.007810	0.007810	0.007810	0.007810	1	0.323415	0.484791	0.076749	0.115045	
1155000	-344.566873	1	243	0.007021	0.007021	0.007021	0.007021	0	0.343187	0.485392	0.071001	0.100421	
1158000	-345.050665	1	325	0.006490	0.006490	0.006490	0.006490	0	0.357433	0.484296	0.067209	0.091063	
1161000	-344.984382	1	92	0.006769	0.006769	0.006769	0.006769	1	0.349840	0.485038	0.069191	0.095931	
1164000	-344.860474	1	107	0.008268	0.008268	0.008268	0.008268	0	0.312721	0.483423	0.080074	0.123783	
1167000	-341.065275	1	193	0.002656	0.009259	0.009259	0.009259	1	0.087734	0.144013	0.290843	0.477411	
1170000	-340.744959	1	193	0.002656	0.009259	0.009259	0.009259	0	0.087735	0.144011	0.290847	0.477407	
1173000	-341.240613	1	380	0.002145	0.009545	0.009545	0.009545	0	0.060928	0.101592	0.313967	0.523513	
1176000	-345.446864	1	365	0.006373	0.006373	0.006373	0.006373	1	0.360672	0.483872	0.066389	0.089067	
1179000	-345.446864	1	365	0.006373	0.006373	0.006373	0.006373	1	0.360672	0.483872	0.066389	0.089067	
1182000	-340.744959	1	193	0.002656	0.009259	0.009259	0.009259	0	0.087735	0.144011	0.290847	0.477407	
1185000	-344.783371	1	108	0.007699	0.007699	0.007699	0.007699	1	0.326095	0.485019	0.075939	0.112948	
1188000	-344.760025	1	359	0.007170	0.007170	0.007170	0.007170	1	0.339331	0.485471	0.072078	0.103120	
1191000	-344.982362	1	539	0.006543	0.006543	0.006543	0.006543	0	0.355974	0.484466	0.067583	0.091977	
1194000	-344.820265	1	311	0.007791	0.007791	0.007791	0.007791	1	0.323879	0.484834	0.076608	0.114679	
1197000	-344.575424	1	43	0.007857	0.007857	0.007857	0.007857	0	0.322294	0.484680	0.077092	0.115934	
1200000	-344.816278	1	319	0.007782	0.007782	0.007782	0.007782	1	0.324094	0.484853	0.076543	0.114510	
1203000	-345.926259	1	541	0.006099	0.006099	0.006099	0.006099	1	0.368416	0.482602	0.064496	0.084486	
1206000	-344.547770	1	3	0.007797	0.007797	0.007797	0.007797	0	0.323740	0.484819	0.076651	0.114790	
1209000	-344.563937	1	82	0.007027	0.007027	0.007027	0.007027	0	0.343038	0.485396	0.071042	0.100524	
1212000	-344.765656	1	267	0.007151	0.007151	0.007151	0.007151	1	0.339820	0.485466	0.071940	0.102774	
1215000	-344.759692	1	535	0.007623	0.007623	0.007623	0.007623	1	0.327955	0.485150	0.075382	0.111514	
1218000	-344.662655	1	118	0.006868	0.006868	0.006868	0.006868	0	0.347215	0.485210	0.069898	0.097677	
1221000	-344.827936	1	339	0.007808	0.007808	0.007808	0.007808	1	0.323479	0.484797	0.076730	0.114994	
1224000	-344.684992	1	315	0.008045	0.008045	0.008045	0.008045	0	0.317873	0.484172	0.078455	0.119500	
1227000	-344.716928	1	149	0.008090	0.008090	0.008090	0.008090	0	0.316811	0.484032	0.078786	0.120371	
1230000	-344.777800	1	326	0.007683	0.007683	0.007683	0.007683	1	0.326489	0.485048	0.075820	0.112643	
1233000	-344.809709	1	409	0.006698	0.006698	0.006698	0.006698	0	0.351770	0.484882	0.068679	0.094668	
1236000	-341.240613	1	380	0.002145	0.009545	0.009545	0.009545	0	0.060928	0.101592	0.313967	0.523513	
1239000	-345.017148	1	510	0.008111	0.008111	0.008111	0.008111	1	0.316329	0.483968	0.078936	0.120767	
1242000	-345.086615	1	291	0.006660	0.006660	0.006660	0.006660	1	0.352787	0.484792	0.068411	0.094009	
1245000	-344.910336	1	417	0.007958	0.007958	0.007958	0.007958	1	0.319898	0.484423	0.077826	0.117853	
1248000	-344.779936	1	10	0.006728	0.006728	0.006728	0.006728	0	0.350943	0.484952	0.068898	0.095207	
1251000	-344.884999	1	36	0.007916	0.007916	0.007916	0.007916	1	0.320891	0.484535	0.077521	0.117053	
1254000	-344.816413	1	501	0.007022	0.007022	0.007022	0.007022	1	0.343149	0.485394	0.071010	0.100446	
1257000	-345.230618	1	216	0.006365	0.006365	0.006365	0.006365	0	0.360902	0.483839	0.066332	0.088927	
1260000	-344.945567	1	237	0.008360	0.008360	0.008360	0.008360	0	0.310651	0.483074	0.080732	0.125542	
1263000	-344.766849	1	17	0.007648	0.007648	0.007648	0.007648	1	0.327334	0.485109	0.075567	0.111990	
1266000	-344.516241	1	215	0.007136	0.007136	0.007136	0.007136	0	0.340190	0.485460	0.071837	0.102513	
1269000	-345.601950	1	234	0.008908	0.008908	0.008908	0.008908	0	0.298745	0.480543	0.084611	0.136101	
1272000	-344.737031	1	19	0.007277	0.007277	0.007277	0.007277	1	0.336585	0.485469	0.072859	0.105088	
1275000	-344.843657	1	403	0.007840	0.007840	0.007840	0.007840	1	0.322705	0.484723	0.076965	0.115607	
1278000	-345.302617	1	361	0.008682	0.008682	0.008682	0.008682	0	0.303545	0.481671	0.083030	0.131753	
1281000	-344.896907	1	581	0.006884	0.006884	0.006884	0.006884	1	0.346793	0.485235	0.070011	0.097960	
1284000	-344.771580	1	231	0.007664	0.007664	0.007664	0.007664	1	0.326956	0.485082	0.075680	0.112282	
1287000	-344.819242	1	151	0.007017	0.007017	0.007017	0.007017	1	0.343301	0.485389	0.070968	0.100341	
1290000	-344.729273	1	40	0.007427	0.007427	0.007427	0.007427	1	0.332807	0.485388	0.073951	0.107855	
1293000	-345.050665	1	325	0.006490	0.006490	0.006490	0.006490	0	0.357433	0.484296	0.067209	0.091063	
1296000	-341.240613	1	380	0.002145	0.009545	0.009545	0.009545	0	0.060928	0.101592	0.313967	0.523513	
1299000	-344.755826	1	204	0.008142	0.008142	0.008142	0.008142	0	0.315606	0.483863	0.079163	0.121367	
1302000	-341.065275	1	193	0.002656	0.009259	0.009259	0.009259	1	0.087734	0.144013	0.290843	0.477411	
1305000	-344.830017	1	552	0.006995	0.006995	0.006995	0.006995	1	0.343858	0.485370	0.070815	0.099958	
1308000	-344.738062	1	239	0.007270	0.007270	0.007270	0.007270	1	0.336760	0.485470	0.072809	0.104961	
1311000	-344.511401	1	460	0.007150	0.007150	0.007150	0.007150	0	0.339835	0.485465	0.071937	0.102764	
1314000	-344.729299	1	96	0.007428	0.007428	0.007428	0.007428	1	0.332791	0.485387	0.073956	0.107867	
1317000	-345.250877	1	157	0.008640	0.008640	0.008640	0.008640	0	0.304462	0.481870	0.082731	0.130938	
1320000	-346.108464	1	63	0.005918	0.005918	0.005918	0.005918	0	0.373641	0.481544	0.063271	0.081543	
1323000	-344.962446	1	537	0.006796	0.006796	0.006796	0.006796	1	0.349134	0.485089	0.069380	0.096397	
1326000	-344.896907	1	581	0.006884	0.006884	0.006884	0.006884	1	0.346793	0.485235	0.070011	0.097960	
1329000	-342.261416	1	195	0.004305	0.009144	0.004305	0.009144	1	0.109501	0.332086	0.138470	0.419943	
1332000	-341.569445	1	380	0.002145	0.009545	0.009545	0.009545	1	0.060927	0.101593	0.313962	0.523518	
1335000	-344.859329	1	516	0.007870	0.007870	0.007870	0.007870	1	0.321984	0.484651	0.077186	0.116180	
1338000	-344.746253	1	50	0.007566	0.007566	0.007566	0.007566	1	0.329356	0.485234	0.074965	0.110445	
1341000	-344.661529	1	421	0.008009	0.008009	0.008009	0.008009	0	0.318703	0.484277	0.078197	0.118822	
1344000	-345.398394	1	441	0.008510	0.008510	0.008510	0.008510	1	0.307306	0.482457	0.081806	0.128431	
1347000	-344.488627	1	60	0.007229	0.007229	0.007229	0.007229	0	0.337824	0.485474	0.072506	0.104196	
1350000	-344.859329	1	516	0.007870	0.007870	0.007870	0.007870	1	0.321984	0.484651	0.077186	0.116180	
1353000	-345.311975	1	568	0.008431	0.008431	0.008431	0.008431	1	0.309054	0.482790	0.081243	0.126914	
1356000	-344.615127	1	571	0.006937	0.006937	0.006937	0.006937	0	0.345383	0.485305	0.070396	0.098915	
1359000	-344.588725	1	133	0.007884	0.007884	0.007884	0.007884	0	0.321665	0.484616	0.077284	0.116436	
1362000	-343.588147	1	225	0.004368	0.004368	0.004368	0.008424	0	0.240681	0.646485	0.030611	0.082223	
1365000	-344.497093	1	492	0.007196	0.007196	0.007196	0.007196	0	0.338656	0.485473	0.072270	0.103601	
1368000	-344.862619	1	571	0.006937	0.006937	0.006937	0.006937	1	0.345382	0.485306	0.070396	0.098916	
1371000	-344.832183	1	564	0.008236	0.008236	0.008236	0.008236	0	0.313458	0.483541	0.079840	0.123161	
1374000	-340.744959	1	193	0.002656	0.009259	0.009259	0.009259	0	0.087735	0.144011	0.290847	0.477407	
1377000	-344.741041	1	144	0.007538	0.007538	0.007538	0.007538	1	0.330043	0.485271	0.074762	0.109924	
1380000	-345.124887	1	281	0.006624	0.006624	0.006624	0.006624	1	0.353777	0.484698	0.068152	0.093373	
1383000	-344.541685	1	427	0.007782	0.007782	0.007782	0.007782	0	0.324090	0.484851	0.076545	0.114514	
1386000	-344.731179	1	331	0.007459	0.007459	0.007459	0.007459	1	0.332003	0.485359	0.074186	0.108453	
1389000	-344.636653	1	273	0.007969	0.007969	0.007969	0.007969	0	0.319641	0.484390	0.077907	0.118062	
1392000	-344.474500	1	328	0.007302	0.007302	0.007302	0.007302	0	0.335957	0.485460	0.073040	0.105543	
1395000	-344.867819	1	448	0.008276	0.008276	0.008276	0.008276	0	0.312534	0.483393	0.080133	0.123941	
1398000	-344.470394	1	91	0.007507	0.007507	0.007507	0.007507	0	0.330807	0.485306	0.074537	0.109349	
1401000	-344.468975	1	45	0.007492	0.007492	0.007492	0.007492	0	0.331181	0.485323	0.074428	0.109069	
1404000	-341.240613	1	380	0.002145	0.009545	0.009545	0.009545	0	0.060928	0.101592	0.313967	0.523513	
1407000	-344.475040	1	90	0.007298	0.007298	0.007298	0.007298	0	0.336050	0.485461	0.073013	0.105476	
1410000	-345.019635	1	573	0.008434	0.008434	0.008434	0.008434	0	0.308998	0.482776	0.081262	0.126963	
1413000	-344.467315	1	217	0.007372	0.007372	0.007372	0.007372	0	0.334184	0.485426	0.073551	0.106838	
1416000	-344.809043	1	553	0.007765	0.007765	0.007765	0.007765	1	0.324496	0.484889	0.076421	0.114195	
1419000	-345.106122	1	373	0.006641	0.006641	0.006641	0.006641	1	0.353298	0.484744	0.068277	0.093680	
1422000	-345.552178	1	56	0.006306	0.006306	0.006306	0.006306	1	0.362561	0.483595	0.065919	0.087925	
1425000	-344.661259	1	251	0.008009	0.008009	0.008009	0.008009	0	0.318713	0.484278	0.078194	0.118814	
1428000	-344.974471	1	252	0.006550	0.006550	0.006550	0.006550	0	0.355800	0.484485	0.067628	0.092087	
1431000	-341.925819	1	195	0.004305	0.009144	0.004305	0.009144	0	0.109501	0.332086	0.138471	0.419943	
1434000	-344.786444	1	121	0.007091	0.007091	0.007091	0.007091	1	0.341360	0.485441	0.071508	0.101690	
1437000	-343.897143	1	225	0.004368	0.004368	0.004368	0.008424	1	0.240681	0.646485	0.030611	0.082223	
1440000	-344.729215	1	523	0.007363	0.007363	0.007363	0.007363	1	0.334422	0.485433	0.073482	0.106663	
1443000	-344.745358	1	324	0.006766	0.006766	0.006766	0.006766	0	0.349931	0.485030	0.069167	0.095871	
1446000	-344.619878	1	425	0.007941	0.007941	0.007941	0.007941	0	0.320312	0.484468	0.077700	0.117520	
1449000	-345.187904	1	512	0.008308	0.008308	0.008308	0.008308	1	0.311813	0.483276	0.080361	0.124550	
1452000	-344.533940	1	121	0.007091	0.007091	0.007091	0.007091	0	0.341361	0.485440	0.071508	0.101690	
1455000	-346.292962	1	232	0.009350	0.009350	0.009350	0.009350	0	0.289770	0.478049	0.087624	0.144557	
1458000	-341.569445	1	380	0.002145	0.009545	0.009545	0.009545	1	0.060927	0.101593	0.313962	0.523518	
1461000	-344.758175	1	428	0.007617	0.007617	0.007617	0.007617	1	0.328095	0.485159	0.075340	0.111406	
1464000	-344.861720	1	213	0.006939	0.006939	0.006939	0.006939	1	0.345343	0.485308	0.070407	0.098942	
1467000	-344.489394	1	473	0.007225	0.007225	0.007225	0.007225	0	0.337905	0.485474	0.072483	0.104137	
1470000	-343.897143	1	225	0.004368	0.004368	0.004368	0.008424	1	0.240681	0.646485	0.030611	0.082223	
1473000	-340.744959	1	193	0.002656	0.009259	0.009259	0.009259	0	0.087735	0.144011	0.290847	0.477407	
1476000	-344.791558	1	494	0.007722	0.007722	0.007722	0.007722	1	0.325551	0.484976	0.076102	0.113371	
1479000	-344.730399	1	68	0.007340	0.007340	0.007340	0.007340	1	0.334993	0.485446	0.073317	0.106245	
1482000	-344.974471	1	252	0.006550	0.006550	0.006550	0.006550	0	0.355800	0.484485	0.067628	0.092087	
1485000	-346.072913	1	93	0.005933	0.005933	0.005933	0.005933	0	0.373208	0.481638	0.063371	0.081782	
1488000	-344.967939	1	443	0.008044	0.008044	0.008044	0.008044	1	0.317872	0.484174	0.078454	0.119499	
1491000	-344.799207	1	66	0.008197	0.008197	0.008197	0.008197	0	0.314355	0.483679	0.079557	0.122409	
1494000	-344.713711	1	593	0.006803	0.006803	0.006803	0.006803	0	0.348948	0.485101	0.069431	0.096521	
1497000	-344.465895	1	284	0.007421	0.007421	0.007421	0.007421	0	0.332956	0.485391	0.073908	0.107745	
1500000	-341.065275	1	193	0.002656	0.009259	0.009259	0.009259	1	0.087734	0.144013	0.290843	0.477411	
1503000	-344.751808	1	275	0.007201	0.007201	0.007201	0.007201	1	0.338530	0.485475	0.072305	0.103690	
1506000	-344.478503	1	19	0.007277	0.007277	0.007277	0.007277	0	0.336586	0.485467	0.072859	0.105087	
1509000	-344.729231	1	431	0.007362	0.007362	0.007362	0.007362	1	0.334433	0.485434	0.073478	0.106655	
1512000	-344.467931	1	523	0.007363	0.007363	0.007363	0.007363	0	0.334424	0.485432	0.073482	0.106662	
1515000	-344.516629	1	286	0.007715	0.007715	0.007715	0.007715	0	0.325705	0.484987	0.076057	0.113252	
1518000	-344.697268	1	202	0.006823	0.006823	0.006823	0.006823	0	0.348411	0.485137	0.069575	0.096878	
1521000	-340.744959	1	193	0.002656	0.009259	0.009259	0.009259	0	0.087735	0.144011	0.290847	0.477407	
1524000	-341.065275	1	193	0.002656	0.009259	0.009259	0.009259	1	0.087734	0.144013	0.290843	0.477411	
1527000	-341.240613	1	380	0.002145	0.009545	0.009545	0.009545	0	0.060928	0.101592	0.313967	0.523513	
1530000	-344.822932	1	3	0.007797	0.007797	0.007797	0.007797	1	0.323738	0.484821	0.076651	0.114790	
1533000	-344.517833	1	277	0.007719	0.007719	0.007719	0.007719	0	0.325619	0.484980	0.076083	0.113318	
1536000	-344.466048	1	309	0.007405	0.007405	0.007405	0.007405	0	0.333369	0.485404	0.073788	0.107440	
1539000	-344.467106	1	351	0.007376	0.007376	0.007376	0.007376	0	0.334091	0.485424	0.073578	0.106907	
1542000	-344.503846	1	145	0.007675	0.007675	0.007675	0.007675	0	0.326687	0.485061	0.075762	0.112490	
1545000	-344.521548	1	255	0.007122	0.007122	0.007122	0.007122	0	0.340560	0.485455	0.071733	0.102252	
1548000	-344.479323	1	337	0.007273	0.007273	0.007273	0.007273	0	0.336702	0.485468	0.072826	0.105004	
1551000	-344.965639	1	290	0.006557	0.006557	0.006557	0.006557	0	0.355602	0.484507	0.067679	0.092212	
1554000	-344.896378	1	230	0.006885	0.006885	0.006885	0.006885	1	0.346773	0.485236	0.070017	0.097974	
1557000	-345.044646	1	168	0.006495	0.006495	0.006495	0.006495	0	0.357308	0.484311	0.067240	0.091141	
1560000	-344.678756	1	203	0.008035	0.008035	0.008035	0.008035	0	0.318089	0.484200	0.078388	0.119323	
1563000	-344.844546	1	305	0.008250	0.008250	0.008250	0.008250	0	0.313132	0.483489	0.079943	0.123436	
1566000	-344.830076	1	249	0.007812	0.007812	0.007812	0.007812	1	0.323370	0.484787	0.076763	0.115080	
1569000	-344.852500	1	43	0.007857	0.007857	0.007857	0.007857	1	0.322292	0.484682	0.077091	0.115934	
1572000	-344.894518	1	42	0.007932	0.007932	0.007932	0.007932	1	0.320509	0.484492	0.077638	0.117360	
1575000	-345.235980	1	364	0.008628	0.008628	0.008628	0.008628	0	0.304731	0.481927	0.082643	0.130698	
1578000	-344.516629	1	286	0.007715	0.007715	0.007715	0.007715	0	0.325705	0.484987	0.076057	0.113252	
1581000	-344.831486	1	401	0.008235	0.008235	0.008235	0.008235	0	0.313476	0.483543	0.079834	0.123146	
1584000	-344.766588	1	260	0.007148	0.007148	0.007148	0.007148	1	0.339897	0.485465	0.071919	0.102719	
1587000	-344.466675	1	287	0.007385	0.007385	0.007385	0.007385	0	0.333870	0.485418	0.073642	0.107070	
1590000	-345.199846	1	396	0.006385	0.006385	0.006385	0.006385	0	0.360342	0.483918	0.066472	0.089268	
1593000	-344.495743	1	275	0.007201	0.007201	0.007201	0.007201	0	0.338531	0.485474	0.072305	0.103690	
1596000	-344.699675	1	566	0.006820	0.006820	0.006820	0.006820	0	0.348491	0.485131	0.069553	0.096824	
1599000	-344.491837	1	519	0.007216	0.007216	0.007216	0.007216	0	0.338155	0.485474	0.072412	0.103959	
1602000	-344.884999	1	36	0.007916	0.007916	0.007916	0.007916	1	0.320891	0.484535	0.077521	0.117053	
1605000	-344.664500	1	502	0.008014	0.008014	0.008014	0.008014	0	0.318595	0.484264	0.078231	0.118910	
1608000	-345.510927	1	482	0.006332	0.006332	0.006332	0.006332	1	0.361837	0.483704	0.066098	0.088360	
1611000	-344.742926	1	313	0.007549	0.007549	0.007549	0.007549	1	0.329781	0.485257	0.074840	0.110123	
1614000	-342.261416	1	195	0.004305	0.009144	0.004305	0.009144	1	0.109501	0.332086	0.138470	0.419943	
1617000	-344.766777	1	388	0.007147	0.007147	0.007147	0.007147	1	0.339913	0.485465	0.071914	0.102708	
1620000	-344.867091	1	577	0.008276	0.008276	0.008276	0.008276	0	0.312552	0.483396	0.080127	0.123925	
1623000	-344.647871	1	463	0.006888	0.006888	0.006888	0.006888	0	0.346672	0.485241	0.070045	0.098043	
1626000	-341.065275	1	193	0.002656	0.009259	0.009259	0.009259	1	0.087734	0.144013	0.290843	0.477411	
1629000	-341.925819	1	195	0.004305	0.009144	0.004305	0.009144	0	0.109501	0.332086	0.138471	0.419943	
1632000	-344.730154	1	456	0.007444	0.007444	0.007444	0.007444	1	0.332370	0.485372	0.074078	0.108180	
1635000	-344.538929	1	185	0.007775	0.007775	0.007775	0.007775	0	0.324253	0.484865	0.076496	0.114386	
1638000	-345.183287	1	278	0.008303	0.008303	0.008303	0.008303	1	0.311922	0.483295	0.080326	0.124457	
1641000	-340.744959	1	193	0.002656	0.009259	0.009259	0.009259	0	0.087735	0.144011	0.290847	0.477407	
1644000	-344.711596	1	105	0.008083	0.008083	0.008083	0.008083	0	0.316983	0.484055	0.078732	0.120229	
1647000	-344.478503	1	19	0.007277	0.007277	0.007277	0.007277	0	0.336586	0.485467	0.072859	0.105087	
1650000	-344.466792	1	331	0.007459	0.007459	0.007459	0.007459	0	0.332004	0.485357	0.074186	0.108453	
1653000	-344.568881	1	259	0.007844	0.007844	0.007844	0.007844	0	0.322618	0.484713	0.076993	0.115677	
1656000	-344.760696	1	418	0.007627	0.007627	0.007627	0.007627	1	0.327864	0.485144	0.075409	0.111583	
1659000	-344.598830	1	468	0.007903	0.007903	0.007903	0.007903	0	0.321209	0.484567	0.077424	0.116800	
1662000	-345.176861	1	155	0.008297	0.008297	0.008297	0.008297	1	0.312076	0.483320	0.080277	0.124327	
1665000	-344.747763	1	471	0.007573	0.007573	0.007573	0.007573	1	0.329177	0.485224	0.075018	0.110581	
1668000	-345.052892	1	54	0.008156	0.008156	0.008156	0.008156	1	0.315290	0.483820	0.079261	0.121628	
1671000	-344.623840	1	476	0.007952	0.007952	0.007952	0.011767	1	0.232306	0.572175	0.056459	0.139060	
1674000	-344.503469	1	414	0.007674	0.007674	0.007674	0.007674	0	0.326718	0.485063	0.075752	0.112466	
1677000	-344.466089	1	363	0.007402	0.007402	0.007402	0.007402	0	0.333419	0.485406	0.073773	0.107402	
1680000	-345.584289	1	166	0.008666	0.008666	0.008666	0.008666	1	0.303904	0.481753	0.082911	0.131432	
1683000	-345.086964	1	66	0.008197	0.008197	0.008197	0.008197	1	0.314353	0.483681	0.079556	0.122410	
1686000	-341.065275	1	193	0.002656	0.009259	0.009259	0.009259	1	0.087734	0.144013	0.290843	0.477411	
1689000	-344.736889	1	183	0.007511	0.007511	0.007511	0.007511	1	0.330704	0.485303	0.074567	0.109426	
1692000	-345.302617	1	361	0.008682	0.008682	0.008682	0.008682	0	0.303545	0.481671	0.083030	0.131753	
1695000	-344.650666	1	498	0.007992	0.007992	0.007992	0.007992	0	0.319105	0.484326	0.078073	0.118496	
1698000	-344.697381	1	454	0.008063	0.008063	0.008063	0.008063	0	0.317452	0.484117	0.078586	0.119844	
1701000	-344.496430	1	411	0.007648	0.007648	0.007648	0.007648	0	0.327334	0.485107	0.075568	0.111991	
1704000	-344.728905	1	217	0.007372	0.007372	0.007372	0.007372	1	0.334183	0.485428	0.073551	0.106839	
1707000	-344.545289	1	311	0.007791	0.007791	0.007791	0.007791	0	0.323881	0.484832	0.076608	0.114679	
1710000	-344.661529	1	421	0.008009	0.008009	0.008009	0.008009	0	0.318703	0.484277	0.078197	0.118822	
1713000	-344.737031	1	19	0.007277	0.007277	0.007277	0.007277	1	0.336585	0.485469	0.072859	0.105088	
1716000	-344.496410	1	17	0.007648	0.007648	0.007648	0.007648	0	0.327336	0.485107	0.075567	0.111990	
1719000	-344.862619	1	571	0.006937	0.006937	0.006937	0.006937	1	0.345382	0.485306	0.070396	0.098916	
1722000	-345.070758	1	372	0.006676	0.006676	0.006676	0.006676	1	0.352361	0.484831	0.068523	0.094285	
1725000	-344.594884	1	76	0.006970	0.006970	0.006970	0.006970	0	0.344513	0.485343	0.070635	0.099509	
1728000	-341.240613	1	380	0.002145	0.009545	0.009545	0.009545	0	0.060928	0.101592	0.313967	0.523513	
1731000	-344.742926	1	313	0.007549	0.007549	0.007549	0.007549	1	0.329781	0.485257	0.074840	0.110123	
1734000	-344.731404	1	14	0.007462	0.007462	0.007462	0.007462	1	0.331933	0.485356	0.074206	0.108505	
1737000	-344.474500	1	328	0.007302	0.007302	0.007302	0.007302	0	0.335957	0.485460	0.073040	0.105543	
1740000	-341.240613	1	380	0.002145	0.009545	0.009545	0.009545	0	0.060928	0.101592	0.313967	0.523513	
1743000	-344.861197	1	435	0.007874	0.007874	0.007874	0.007874	1	0.321901	0.484642	0.077211	0.116246	
1746000	-344.729231	1	431	0.007362	0.007362	0.007362	0.007362	1	0.334433	0.485434	0.073478	0.106655	
1749000	-344.615763	1	55	0.006936	0.006936	0.006936	0.006936	0	0.345409	0.485304	0.070389	0.098897	
1752000	-344.488120	1	236	0.007231	0.007231	0.007231	0.007231	0	0.337770	0.485474	0.072521	0.104235	
1755000	-344.474500	1	328	0.007302	0.007302	0.007302	0.007302	0	0.335957	0.485460	0.073040	0.105543	
1758000	-344.881779	1	304	0.006629	0.006629	0.006629	0.006629	0	0.353633	0.484711	0.068190	0.093466	
1761000	-341.240613	1	380	0.002145	0.009545	0.009545	0.009545	0	0.060928	0.101592	0.313967	0.523513	
1764000	-344.755826	1	204	0.008142	0.008142	0.008142	0.008142	0	0.315606	0.483863	0.079163	0.121367	
1767000	-345.172624	1	53	0.006581	0.006581	0.006581	0.006581	1	0.354945	0.484578	0.067848	0.092628	
1770000	-344.827936	1	339	0.007808	0.007808	0.007808	0.007808	1	0.323479	0.484797	0.076730	0.114994	
1773000	-344.967980	1	315	0.008045	0.008045	0.008045	0.008045	1	0.317871	0.484174	0.078455	0.119501	
1776000	-344.556620	1	493	0.007817	0.007817	0.007817	0.007817	0	0.323254	0.484774	0.076799	0.115173	
1779000	-343.588147	1	225	0.004368	0.004368	0.004368	0.008424	0	0.240681	0.646485	0.030611	0.082223	
1782000	-345.328247	1	102	0.006456	0.006456	0.006456	0.006456	1	0.358364	0.484181	0.066971	0.090484	
1785000	-344.796382	1	580	0.006711	0.006711	0.006711	0.006711	0	0.351405	0.484913	0.068776	0.094906	
1788000	-344.755221	1	5	0.007606	0.007606	0.007606	0.007606	1	0.328379	0.485177	0.075255	0.111189	
1791000	-345.230598	1	595	0.006365	0.006365	0.006365	0.006365	0	0.360902	0.483839	0.066332	0.088927	
1794000	-341.569445	1	380	0.002145	0.009545	0.009545	0.009545	1	0.060927	0.101593	0.313962	0.523518	
1797000	-344.861113	1	191	0.006940	0.006940	0.006940	0.006940	1	0.345316	0.485309	0.070414	0.098960	
1800000	-341.065275	1	193	0.002656	0.009259	0.009259	0.009259	1	0.087734	0.144013	0.290843	0.477411	
1803000	-345.316870	1	23	0.008436	0.008436	0.008436	0.008436	1	0.308952	0.482771	0.081276	0.127002	
1806000	-344.704184	1	479	0.006814	0.006814	0.006814	0.006814	0	0.348639	0.485122	0.069513	0.096726	
1809000	-341.065275	1	193	0.002656	0.009259	0.009259	0.009259	1	0.087734	0.144013	0.290843	0.477411	
1812000	-345.959440	1	130	0.008941	0.008941	0.008941	0.008941	1	0.298054	0.480373	0.084839	0.136734	
1815000	-344.860804	1	162	0.006940	0.006940	0.006940	0.006940	1	0.345302	0.485310	0.070418	0.098970	
1818000	-344.943117	1	251	0.008009	0.008009	0.008009	0.008009	1	0.318711	0.484280	0.078194	0.118815	
1821000	-344.486733	1	297	0.007237	0.007237	0.007237	0.007237	0	0.337618	0.485474	0.072565	0.104344	
1824000	-344.801803	1	80	0.007748	0.007748	0.007748	0.007748	1	0.324917	0.484924	0.076294	0.113865	
1827000	-344.750674	1	434	0.007586	0.007586	0.007586	0.007586	1	0.328850	0.485205	0.075115	0.110830	
1830000	-344.606059	1	36	0.007916	0.007916	0.007916	0.007916	0	0.320893	0.484533	0.077521	0.117053	
1833000	-341.065275	1	193	0.002656	0.009259	0.009259	0.009259	1	0.087734	0.144013	0.290843	0.477411	
1836000	-341.065275	1	193	0.002656	0.009259	0.009259	0.009259	1	0.087734	0.144013	0.290843	0.477411	
1839000	-344.466049	1	406	0.007404	0.007404	0.007404	0.007404	0	0.333370	0.485404	0.073787	0.107438	
1842000	-341.240613	1	380	0.002145	0.009545	0.009545	0.009545	0	0.060928	0.101592	0.313967	0.523513	
1845000	-344.867819	1	448	0.008276	0.008276	0.008276	0.008276	0	0.312534	0.483393	0.080133	0.123941	
1848000	-344.490981	1	146	0.007627	0.007627	0.007627	0.007627	0	0.327862	0.485142	0.075410	0.111586	
1851000	-344.745586	1	60	0.007229	0.007229	0.007229	0.007229	1	0.337823	0.485476	0.072506	0.104196	
1854000	-344.967417	1	206	0.006555	0.006555	0.006555	0.006555	0	0.355642	0.484503	0.067668	0.092187	
1857000	-344.896667	1	512	0.008308	0.008308	0.008308	0.008308	0	0.311815	0.483274	0.080361	0.124550	
1860000	-344.474033	1	551	0.007537	0.007537	0.007537	0.007537	0	0.330061	0.485270	0.074757	0.109912	
1863000	-341.065275	1	193	0.002656	0.009259	0.009259	0.009259	1	0.087734	0.144013	0.290843	0.477411	
1866000	-345.121325	1	385	0.006627	0.006627	0.006627	0.006627	1	0.353687	0.484707	0.068176	0.093431	
1869000	-344.516827	1	370	0.007716	0.007716	0.007716	0.007716	0	0.325691	0.484986	0.076061	0.113263	
1872000	-344.695373	1	113	0.008060	0.008060	0.008060	0.008060	0	0.317519	0.484126	0.078565	0.119789	
1875000	-344.485338	1	153	0.007243	0.007243	0.007243	0.007243	0	0.337460	0.485473	0.072610	0.104457	
1878000	-344.821691	1	398	0.007012	0.007012	0.007012	0.007012	1	0.343431	0.485385	0.070933	0.100252	
1881000	-344.466792	1	331	0.007459	0.007459	0.007459	0.007459	0	0.332004	0.485357	0.074186	0.108453	
1884000	-344.467887	1	329	0.007478	0.007478	0.007478	0.007478	0	0.331531	0.485338	0.074325	0.108806	
1887000	-344.827936	1	339	0.007808	0.007808	0.007808	0.007808	1	0.323479	0.484797	0.076730	0.114994	
1890000	-341.240613	1	380	0.002145	0.009545	0.009545	0.009545	0	0.060928	0.101592	0.313967	0.523513	
1893000	-344.790347	1	187	0.007081	0.007081	0.007081	0.007081	1	0.341616	0.485436	0.071437	0.101511	
1896000	-344.769237	1	469	0.006740	0.006740	0.006740	0.006740	0	0.350637	0.484976	0.068980	0.095408	
1899000	-344.542577	1	578	0.007784	0.007784	0.007784	0.007784	0	0.324038	0.484846	0.076561	0.114555	
1902000	-344.536073	1	527	0.007086	0.007086	0.007086	0.007086	0	0.341492	0.485437	0.071472	0.101599	
1905000	-345.307961	1	61	0.006316	0.006316	0.006316	0.006316	0	0.362262	0.483640	0.065993	0.088104	
1908000	-345.111578	1	7	0.008225	0.008225	0.008225	0.008225	1	0.313703	0.483582	0.079761	0.122954	
1911000	-345.797213	1	20	0.008827	0.008827	0.008827	0.008827	1	0.300450	0.480964	0.084045	0.134541	
1914000	-345.601950	1	234	0.008908	0.008908	0.008908	0.008908	0	0.298745	0.480543	0.084611	0.136101	
1917000	-344.471329	1	282	0.007326	0.007326	0.007326	0.007326	0	0.335344	0.485451	0.073216	0.105989	
1920000	-344.516827	1	370	0.007716	0.007716	0.007716	0.007716	0	0.325691	0.484986	0.076061	0.113263	
1923000	-344.512246	1	260	0.007148	0.007148	0.007148	0.007148	0	0.339898	0.485464	0.071919	0.102719	
1926000	-342.261416	1	195	0.004305	0.009144	0.004305	0.009144	1	0.109501	0.332086	0.138470	0.419943	
1929000	-344.611442	1	467	0.007926	0.007926	0.007926	0.007926	0	0.320664	0.484507	0.077592	0.117237	
1932000	-344.485962	1	360	0.007605	0.007605	0.007605	0.007605	0	0.328402	0.485176	0.075249	0.111173	
1935000	-344.518783	1	494	0.007722	0.007722	0.007722	0.007722	0	0.325552	0.484975	0.076103	0.113370	
1938000	-345.066173	1	219	0.008172	0.008172	0.008172	0.008172	1	0.314919	0.483766	0.079378	0.121937	
1941000	-346.108464	1	63	0.005918	0.005918	0.005918	0.005918	0	0.373641	0.481544	0.063271	0.081543	
1944000	-344.555680	1	465	0.007043	0.007043	0.007043	0.007043	0	0.342606	0.485409	0.071162	0.100823	
1947000	-345.071908	1	101	0.006474	0.006474	0.006474	0.006474	0	0.357869	0.484242	0.067097	0.090791	
1950000	-344.785058	1	299	0.007704	0.007704	0.007704	0.007704	1	0.325979	0.485010	0.075973	0.113037	
1953000	-344.939858	1	475	0.008354	0.008354	0.008354	0.008354	0	0.310784	0.483098	0.080690	0.125428	
1956000	-344.984382	1	92	0.006769	0.006769	0.006769	0.006769	1	0.349840	0.485038	0.069191	0.095931	
1959000	-345.113378	1	382	0.006444	0.006444	0.006444	0.006444	0	0.358698	0.484138	0.066887	0.090278	
1962000	-344.860474	1	107	0.008268	0.008268	0.008268	0.008268	0	0.312721	0.483423	0.080074	0.123783	
1965000	-344.808376	1	123	0.008208	0.008208	0.008208	0.008208	0	0.314101	0.483640	0.079637	0.122622	
1968000	-344.958992	1	583	0.008032	0.008032	0.008032	0.008032	1	0.318169	0.484213	0.078362	0.119257	
1971000	-344.471000	1	546	0.007513	0.007513	0.007513	0.007513	0	0.330666	0.485300	0.074579	0.109455	
1974000	-341.240613	1	380	0.002145	0.009545	0.009545	0.009545	0	0.060928	0.101592	0.313967	0.523513	
1977000	-344.884999	1	36	0.007916	0.007916	0.007916	0.007916	1	0.320891	0.484535	0.077521	0.117053	
1980000	-344.742758	1	153	0.007243	0.007243	0.007243	0.007243	1	0.337458	0.485475	0.072610	0.104458	
1983000	-344.771860	1	545	0.007665	0.007665	0.007665	0.007665	1	0.326934	0.485081	0.075687	0.112298	
1986000	-340.744959	1	193	0.002656	0.009259	0.009259	0.009259	0	0.087735	0.144011	0.290847	0.477407	
1989000	-344.861720	1	213	0.006939	0.006939	0.006939	0.006939	1	0.345343	0.485308	0.070407	0.098942	
1992000	-344.871956	1	529	0.006922	0.006922	0.006922	0.006922	1	0.345783	0.485287	0.070287	0.098643	
1995000	-344.479323	1	337	0.007273	0.007273	0.007273	0.007273	0	0.336702	0.485468	0.072826	0.105004	
1998000	-344.647871	1	463	0.006888	0.006888	0.006888	0.006888	0	0.346672	0.485241	0.070045	0.098043	
