Options:
Model:                           Discrete: Dependent
Tree File Name:                  /Users/emeraldbender/Library/CloudStorage/OneDrive-MontanaStateUniversity/Desktop/disctrait_local/eubird_nest_dodo_depRJpredict/tree.nex
Data File Name:                  /Users/emeraldbender/Library/CloudStorage/OneDrive-MontanaStateUniversity/Desktop/disctrait_local/eubird_nest_dodo_depRJpredict/data.txt
Log File Name:                   eubird_nest_dodo_depRJprecict.Log.txt
Save Initial Trees:              False
Save Trees:                      False
Summary:                         False
Seed:                            2393047443
Precision:                       64 bits
Cores:                           1
Analysis Type:                   MCMC
Sample Period:                   3000
Iterations:                      2000000
Burn in:                         200000
MCMC ML Start:                   False
Schedule File:                   eubird_nest_dodo_depRJprecict.Schedule.txt
Rate Dev:                        AutoTune
No of Rates:                     8
Base frequency (PI's):           None
Pis used in ancestral state estimation:      Yes
Character Symbols:               00,01,10,11
Using a covarion model:          False
Normalise Q Matrix:              False
Load Model:                      eubird_nest_dodo_depRJ.bin
Estimating values for taxa and Sites
	Raphus_cucullatus   
Restrictions:
    q12                          None
    q13                          None
    q21                          None
    q24                          None
    q31                          None
    q34                          None
    q42                          None
    q43                          None
Prior Information:
    Prior Categories:            100
    Priors
        q12 - exp 10.00 
        q13 - exp 10.00 
        q21 - exp 10.00 
        q24 - exp 10.00 
        q31 - exp 10.00 
        q34 - exp 10.00 
        q42 - exp 10.00 
        q43 - exp 10.00 
Tree Information
     Trees:                      1
     Taxa:                       420
     Sites:                      1
     States:                     4
Iteration	Lh	Tree No	Model No	q12	q13	q21	q24	q31	q34	q42	q43	Est Raphus_cucullatus - 2	Root - P(0,0)	Root - P(0,1)	Root - P(1,0)	Root - P(1,1)	
201000	-327.335338	1	498	0.006591	0.006591	0.006591	0.006591	0.024234	0.024234	0.000000	0.006591	0	0.430051	0.529591	0.040076	0.000282	
204000	-327.365455	1	296	0.006430	0.006430	0.006430	0.006430	0.020321	0.020321	0.000000	0.006430	0	0.434769	0.531801	0.033222	0.000208	
207000	-324.821999	1	4	0.004990	0.004990	0.004990	0.004990	0.013820	0.027739	0.000000	0.013820	1	0.463791	0.518760	0.016919	0.000530	
210000	-327.394076	1	538	0.005294	0.005294	0.005294	0.005294	0.022540	0.022540	0.000000	0.005294	1	0.457303	0.495791	0.046675	0.000230	
213000	-327.007494	1	308	0.006163	0.006163	0.006163	0.006163	0.023428	0.023428	0.000000	0.006163	0	0.438648	0.520152	0.040943	0.000257	
216000	-324.000967	1	114	0.005894	0.002726	0.005894	0.002726	0.020023	0.020023	0.002726	0.005894	0	0.194330	0.211168	0.453378	0.141124	
219000	-328.042153	1	504	0.006845	0.006845	0.006845	0.006845	0.024682	0.024682	0.000000	0.006845	1	0.425170	0.534962	0.039573	0.000295	
222000	-328.269630	1	239	0.006147	0.006147	0.006147	0.006147	0.017631	0.017631	0.000000	0.006147	0	0.441280	0.530420	0.028147	0.000154	
225000	-327.268613	1	196	0.005605	0.005605	0.005605	0.005605	0.022556	0.022556	0.000000	0.005605	1	0.450571	0.505837	0.043359	0.000232	
228000	-327.992646	1	360	0.006048	0.006048	0.006048	0.006048	0.026458	0.026458	0.000000	0.006048	1	0.439342	0.513752	0.046608	0.000297	
231000	-331.199133	1	9	0.004565	0.004565	0.004565	0.004565	0.029666	0.029666	0.004565	0.004565	1	0.211348	0.164573	0.527532	0.096547	
234000	-324.470707	1	4	0.004990	0.004990	0.004990	0.004990	0.013820	0.027739	0.000000	0.013820	0	0.463817	0.518677	0.016973	0.000533	
237000	-327.336646	1	34	0.006142	0.006142	0.006142	0.006142	0.022741	0.022741	0.000000	0.006142	1	0.439394	0.520746	0.039617	0.000243	
240000	-327.842258	1	394	0.005207	0.005207	0.005207	0.005207	0.025117	0.025117	0.000000	0.005207	1	0.457517	0.489424	0.052793	0.000266	
243000	-327.091741	1	44	0.005695	0.005695	0.005695	0.005695	0.024371	0.024371	0.000000	0.005695	0	0.447647	0.505898	0.046192	0.000262	
246000	-326.223631	1	597	0.013639	0.004575	0.004575	0.004575	0.013639	0.026244	0.000000	0.013639	0	0.643815	0.322290	0.032620	0.001275	
249000	-329.480563	1	586	0.007777	0.007777	0.007777	0.007777	0.020510	0.020510	0.000000	0.007777	1	0.410981	0.559213	0.029559	0.000247	
252000	-327.310375	1	257	0.005473	0.005473	0.005473	0.005473	0.021812	0.021812	0.000000	0.005473	1	0.453842	0.502881	0.043057	0.000220	
255000	-327.514415	1	585	0.006099	0.006099	0.006099	0.006099	0.024543	0.024543	0.000000	0.006099	1	0.439337	0.517212	0.043181	0.000271	
258000	-327.928678	1	471	0.004943	0.004943	0.004943	0.004943	0.025574	0.025574	0.000000	0.004943	0	0.462847	0.479055	0.057826	0.000273	
261000	-328.536529	1	136	0.005269	0.005269	0.005269	0.005269	0.024431	0.024431	0.005269	0.005269	0	0.235224	0.210660	0.441983	0.112133	
264000	-328.785100	1	472	0.005752	0.005752	0.005752	0.005752	0.028456	0.028456	0.000000	0.005752	1	0.444201	0.503734	0.051750	0.000315	
267000	-324.303396	1	114	0.005894	0.002726	0.005894	0.002726	0.020023	0.020023	0.002726	0.005894	1	0.195150	0.212279	0.451900	0.140671	
270000	-327.171698	1	90	0.006447	0.006447	0.006447	0.006447	0.021542	0.021542	0.000000	0.006447	0	0.433965	0.530088	0.035717	0.000231	
273000	-327.041279	1	226	0.006058	0.006058	0.006058	0.006058	0.020993	0.020993	0.000000	0.006058	0	0.441929	0.521182	0.036675	0.000214	
276000	-327.299112	1	266	0.005224	0.005224	0.005224	0.005224	0.024195	0.024195	0.000000	0.005224	0	0.457746	0.490911	0.051087	0.000255	
279000	-328.171833	1	119	0.005413	0.005413	0.005413	0.005413	0.020636	0.020636	0.005413	0.005413	0	0.252434	0.238865	0.393448	0.115253	
282000	-326.902586	1	135	0.005892	0.005892	0.005892	0.005892	0.022490	0.022490	0.000000	0.005892	0	0.444607	0.514184	0.040972	0.000237	
285000	-327.855173	1	148	0.006781	0.006781	0.006781	0.006781	0.026029	0.026029	0.000000	0.006781	0	0.425755	0.531786	0.042140	0.000319	
288000	-327.418822	1	312	0.005415	0.005415	0.005415	0.005415	0.019436	0.019436	0.000000	0.005415	0	0.456449	0.505459	0.037910	0.000182	
291000	-325.629444	1	19	0.009396	0.003109	0.003109	0.003109	0.024878	0.024878	0.003109	0.009396	1	0.247529	0.089517	0.446607	0.216347	
294000	-328.890847	1	68	0.006059	0.006059	0.006059	0.006059	0.028707	0.028707	0.000000	0.006059	1	0.437958	0.512048	0.049667	0.000327	
297000	-327.007494	1	308	0.006163	0.006163	0.006163	0.006163	0.023428	0.023428	0.000000	0.006163	0	0.438648	0.520152	0.040943	0.000257	
300000	-327.226837	1	385	0.006307	0.006307	0.006307	0.006307	0.020587	0.020587	0.000000	0.006307	0	0.437081	0.528319	0.034389	0.000211	
303000	-328.029320	1	298	0.004486	0.004486	0.004486	0.004486	0.020302	0.020302	0.004486	0.004486	1	0.246578	0.201839	0.453549	0.098034	
306000	-327.414862	1	386	0.005265	0.005265	0.005265	0.005265	0.022604	0.022604	0.000000	0.005265	1	0.457889	0.494709	0.047170	0.000231	
309000	-327.261053	1	135	0.005892	0.005892	0.005892	0.005892	0.022490	0.022490	0.000000	0.005892	1	0.444594	0.514352	0.040820	0.000235	
312000	-325.385190	1	191	0.009976	0.003660	0.003660	0.003660	0.020586	0.020586	0.003660	0.009976	0	0.290574	0.127737	0.372562	0.209127	
315000	-327.575694	1	70	0.005070	0.005070	0.005070	0.005070	0.022671	0.022671	0.000000	0.005070	1	0.462132	0.487633	0.050003	0.000233	
318000	-327.030001	1	401	0.005352	0.005352	0.005352	0.005352	0.022079	0.022079	0.000000	0.005352	0	0.456323	0.498327	0.045126	0.000225	
321000	-327.661130	1	553	0.005610	0.005610	0.005610	0.005610	0.026463	0.026463	0.000000	0.005610	0	0.448220	0.501024	0.050466	0.000290	
324000	-329.128528	1	292	0.004891	0.004891	0.004891	0.004891	0.016348	0.016348	0.004891	0.004891	0	0.275843	0.255819	0.362498	0.105840	
327000	-326.932086	1	0	0.005822	0.005822	0.005822	0.005822	0.021567	0.021567	0.000000	0.005822	0	0.446538	0.513682	0.039559	0.000220	
330000	-327.414740	1	284	0.005367	0.005367	0.005367	0.005367	0.021049	0.021049	0.000000	0.005367	1	0.456599	0.500790	0.042403	0.000207	
333000	-327.110091	1	466	0.005289	0.005289	0.005289	0.005289	0.023159	0.023159	0.000000	0.005289	0	0.457017	0.494536	0.048206	0.000241	
336000	-327.902849	1	33	0.005048	0.005048	0.005048	0.005048	0.021977	0.021977	0.005048	0.005048	0	0.243642	0.215433	0.432480	0.108445	
339000	-329.647602	1	107	0.004051	0.004051	0.004051	0.004051	0.016204	0.016204	0.004051	0.004051	1	0.266741	0.212691	0.428977	0.091591	
342000	-327.746887	1	182	0.005354	0.005354	0.005354	0.005354	0.019483	0.019483	0.000000	0.005354	1	0.457775	0.503525	0.038519	0.000181	
345000	-324.303396	1	114	0.005894	0.002726	0.005894	0.002726	0.020023	0.020023	0.002726	0.005894	1	0.195150	0.212279	0.451900	0.140671	
348000	-327.442267	1	533	0.006780	0.006780	0.006780	0.006780	0.021660	0.021660	0.000000	0.006780	0	0.427633	0.537583	0.034544	0.000241	
351000	-327.385497	1	308	0.006163	0.006163	0.006163	0.006163	0.023428	0.023428	0.000000	0.006163	1	0.438630	0.520333	0.040783	0.000255	
354000	-325.676590	1	113	0.010353	0.002724	0.002724	0.002724	0.010353	0.027462	0.002724	0.010353	0	0.442788	0.108190	0.338781	0.110241	
357000	-327.553725	1	170	0.005242	0.005242	0.005242	0.005242	0.019303	0.019303	0.000000	0.005242	0	0.460414	0.500064	0.039342	0.000180	
360000	-327.509828	1	14	0.006446	0.006446	0.006446	0.006446	0.022350	0.022350	0.000000	0.006446	1	0.433600	0.528976	0.037181	0.000243	
363000	-328.297523	1	462	0.004171	0.004171	0.004171	0.004171	0.019431	0.019431	0.004171	0.004171	1	0.246015	0.190981	0.470476	0.092529	
366000	-328.150713	1	93	0.005033	0.005033	0.005033	0.005033	0.018741	0.018741	0.005033	0.005033	0	0.260673	0.238489	0.392358	0.108480	
369000	-325.393416	1	19	0.009396	0.003109	0.003109	0.003109	0.024878	0.024878	0.003109	0.009396	0	0.245046	0.088509	0.448942	0.217504	
372000	-324.303396	1	114	0.005894	0.002726	0.005894	0.002726	0.020023	0.020023	0.002726	0.005894	1	0.195150	0.212279	0.451900	0.140671	
375000	-327.253254	1	515	0.005694	0.005694	0.005694	0.005694	0.022385	0.022385	0.000000	0.005694	1	0.448781	0.508789	0.042199	0.000231	
378000	-327.222454	1	581	0.006479	0.006479	0.006479	0.006479	0.023963	0.023963	0.000000	0.006479	0	0.432268	0.527317	0.040142	0.000274	
381000	-327.091741	1	44	0.005695	0.005695	0.005695	0.005695	0.024371	0.024371	0.000000	0.005695	0	0.447647	0.505898	0.046192	0.000262	
384000	-326.501617	1	597	0.013639	0.004575	0.004575	0.004575	0.013639	0.026244	0.000000	0.013639	1	0.643990	0.322713	0.032060	0.001237	
387000	-326.949519	1	32	0.005938	0.005938	0.005938	0.005938	0.021508	0.021508	0.000000	0.005938	0	0.444156	0.517037	0.038585	0.000221	
390000	-327.484805	1	261	0.005247	0.005247	0.005247	0.005247	0.023355	0.023355	0.000000	0.005247	1	0.457808	0.492975	0.048974	0.000242	
393000	-327.036646	1	270	0.005613	0.005613	0.005613	0.005613	0.023902	0.023902	0.000000	0.005613	0	0.449637	0.504004	0.046104	0.000255	
396000	-327.272080	1	224	0.005811	0.005811	0.005811	0.005811	0.025296	0.025296	0.000000	0.005811	0	0.444753	0.508188	0.046782	0.000278	
399000	-327.737199	1	338	0.006004	0.006004	0.006004	0.006004	0.019462	0.019462	0.000000	0.006004	1	0.443648	0.522819	0.033349	0.000185	
402000	-327.836287	1	46	0.004648	0.004648	0.004648	0.004648	0.021454	0.021454	0.000000	0.004648	0	0.472390	0.472499	0.054891	0.000220	
405000	-324.000967	1	114	0.005894	0.002726	0.005894	0.002726	0.020023	0.020023	0.002726	0.005894	0	0.194330	0.211168	0.453378	0.141124	
408000	-327.722147	1	165	0.005039	0.005039	0.005039	0.005039	0.023776	0.023776	0.000000	0.005039	1	0.462046	0.484915	0.052791	0.000248	
411000	-327.030848	1	339	0.006213	0.006213	0.006213	0.006213	0.023480	0.023480	0.000000	0.006213	0	0.437645	0.521360	0.040736	0.000259	
414000	-327.424838	1	341	0.006321	0.006321	0.006321	0.006321	0.022519	0.022519	0.000000	0.006321	1	0.435955	0.525652	0.038150	0.000243	
417000	-327.286095	1	459	0.005933	0.005933	0.005933	0.005933	0.019725	0.019725	0.000000	0.005933	0	0.445060	0.520210	0.034540	0.000190	
420000	-327.308308	1	121	0.005576	0.005576	0.005576	0.005576	0.021405	0.021405	0.000000	0.005576	1	0.451831	0.506828	0.041127	0.000214	
423000	-327.494052	1	149	0.006228	0.006228	0.006228	0.006228	0.020918	0.020918	0.000000	0.006228	1	0.438485	0.525916	0.035386	0.000213	
426000	-328.000702	1	241	0.004882	0.004882	0.004882	0.004882	0.019039	0.019039	0.004882	0.004882	0	0.257642	0.229205	0.407323	0.105830	
429000	-327.900142	1	371	0.004322	0.004322	0.004322	0.004322	0.021813	0.021813	0.004322	0.004322	0	0.234673	0.182687	0.487774	0.094865	
432000	-324.000967	1	114	0.005894	0.002726	0.005894	0.002726	0.020023	0.020023	0.002726	0.005894	0	0.194330	0.211168	0.453378	0.141124	
435000	-327.305108	1	229	0.005975	0.005975	0.005975	0.005975	0.023175	0.023175	0.000000	0.005975	1	0.442539	0.515656	0.041559	0.000247	
438000	-331.586132	1	253	0.006356	0.006356	0.006356	0.006356	0.006356	0.030664	0.006356	0.006356	0	0.544359	0.280182	0.137776	0.037682	
441000	-325.393416	1	19	0.009396	0.003109	0.003109	0.003109	0.024878	0.024878	0.003109	0.009396	0	0.245046	0.088509	0.448942	0.217504	
444000	-327.261472	1	438	0.005583	0.005583	0.005583	0.005583	0.019795	0.019795	0.000000	0.005583	0	0.452540	0.509957	0.037315	0.000188	
447000	-327.395226	1	291	0.005498	0.005498	0.005498	0.005498	0.020827	0.020827	0.000000	0.005498	1	0.453865	0.505407	0.040524	0.000204	
450000	-328.401060	1	93	0.005033	0.005033	0.005033	0.005033	0.018741	0.018741	0.005033	0.005033	1	0.261891	0.240066	0.390146	0.107897	
453000	-327.744274	1	283	0.005262	0.005262	0.005262	0.005262	0.018743	0.018743	0.000000	0.005262	0	0.460264	0.502054	0.037512	0.000170	
456000	-327.840610	1	480	0.006324	0.006324	0.006324	0.006324	0.025601	0.025601	0.000000	0.006324	1	0.434403	0.521772	0.043532	0.000293	
459000	-328.279528	1	148	0.006781	0.006781	0.006781	0.006781	0.026029	0.026029	0.000000	0.006781	1	0.425724	0.532002	0.041959	0.000315	
462000	-328.973989	1	478	0.004730	0.004730	0.004730	0.004730	0.026158	0.026158	0.004730	0.004730	0	0.223264	0.181537	0.493827	0.101373	
465000	-326.932339	1	155	0.006041	0.006041	0.006041	0.006041	0.022188	0.022188	0.000000	0.006041	0	0.441707	0.518748	0.039311	0.000234	
468000	-328.304748	1	433	0.006577	0.006577	0.006577	0.006577	0.018946	0.018946	0.000000	0.006577	1	0.432325	0.538055	0.029438	0.000183	
471000	-328.159932	1	84	0.007026	0.007026	0.007026	0.007026	0.026294	0.026294	0.000000	0.007026	0	0.421319	0.536751	0.041597	0.000334	
474000	-327.260020	1	162	0.005708	0.005708	0.005708	0.005708	0.021907	0.021907	0.000000	0.005708	1	0.448746	0.509963	0.041068	0.000223	
477000	-327.294931	1	347	0.005915	0.005915	0.005915	0.005915	0.021586	0.021586	0.000000	0.005915	1	0.444572	0.516436	0.038772	0.000220	
480000	-328.619960	1	392	0.005555	0.005555	0.005555	0.005555	0.021812	0.021812	0.005555	0.005555	1	0.248959	0.238003	0.395994	0.117044	
483000	-327.272080	1	224	0.005811	0.005811	0.005811	0.005811	0.025296	0.025296	0.000000	0.005811	0	0.444753	0.508188	0.046782	0.000278	
486000	-324.470707	1	4	0.004990	0.004990	0.004990	0.004990	0.013820	0.027739	0.000000	0.013820	0	0.463817	0.518677	0.016973	0.000533	
489000	-326.920451	1	79	0.005636	0.005636	0.005636	0.005636	0.022055	0.022055	0.000000	0.005636	0	0.450209	0.507394	0.042171	0.000226	
492000	-327.028490	1	197	0.005390	0.005390	0.005390	0.005390	0.022919	0.022919	0.000000	0.005390	0	0.454975	0.498284	0.046503	0.000238	
495000	-327.320678	1	503	0.005333	0.005333	0.005333	0.005333	0.019922	0.019922	0.000000	0.005333	0	0.458012	0.501754	0.040044	0.000190	
498000	-326.978760	1	257	0.005473	0.005473	0.005473	0.005473	0.021812	0.021812	0.000000	0.005473	0	0.453848	0.502724	0.043207	0.000221	
501000	-327.747144	1	363	0.006707	0.006707	0.006707	0.006707	0.021975	0.021975	0.000000	0.006707	1	0.428843	0.535610	0.035305	0.000243	
504000	-324.470707	1	4	0.004990	0.004990	0.004990	0.004990	0.013820	0.027739	0.000000	0.013820	0	0.463817	0.518677	0.016973	0.000533	
507000	-327.630123	1	132	0.006034	0.006034	0.006034	0.006034	0.025179	0.025179	0.000000	0.006034	1	0.440293	0.514735	0.044693	0.000279	
510000	-327.507990	1	320	0.005503	0.005503	0.005503	0.005503	0.024428	0.024428	0.000000	0.005503	1	0.451631	0.500107	0.048003	0.000259	
513000	-327.160294	1	261	0.005247	0.005247	0.005247	0.005247	0.023355	0.023355	0.000000	0.005247	0	0.457806	0.492806	0.049145	0.000244	
516000	-327.646037	1	186	0.005490	0.005490	0.005490	0.005490	0.025037	0.025037	0.000000	0.005490	1	0.451556	0.498961	0.049217	0.000267	
519000	-327.992646	1	360	0.006048	0.006048	0.006048	0.006048	0.026458	0.026458	0.000000	0.006048	1	0.439342	0.513752	0.046608	0.000297	
522000	-328.079318	1	88	0.004893	0.004893	0.004893	0.004893	0.021849	0.021849	0.004893	0.004893	1	0.244063	0.211293	0.439591	0.105052	
525000	-327.344995	1	363	0.006707	0.006707	0.006707	0.006707	0.021975	0.021975	0.000000	0.006707	0	0.428873	0.535437	0.035445	0.000245	
528000	-328.039768	1	57	0.005182	0.005182	0.005182	0.005182	0.018190	0.018190	0.000000	0.005182	0	0.462397	0.500731	0.036711	0.000160	
531000	-324.000967	1	114	0.005894	0.002726	0.005894	0.002726	0.020023	0.020023	0.002726	0.005894	0	0.194330	0.211168	0.453378	0.141124	
534000	-326.940439	1	53	0.006033	0.006033	0.006033	0.006033	0.021929	0.021929	0.000000	0.006033	0	0.441987	0.518954	0.038829	0.000229	
537000	-327.823307	1	88	0.004893	0.004893	0.004893	0.004893	0.021849	0.021849	0.004893	0.004893	0	0.242742	0.209626	0.442029	0.105603	
540000	-327.806105	1	147	0.007156	0.007156	0.007156	0.007156	0.022852	0.022852	0.000000	0.007156	0	0.420502	0.543709	0.035513	0.000276	
543000	-324.470707	1	4	0.004990	0.004990	0.004990	0.004990	0.013820	0.027739	0.000000	0.013820	0	0.463817	0.518677	0.016973	0.000533	
546000	-329.100764	1	365	0.004360	0.004360	0.004360	0.004360	0.025881	0.025881	0.000000	0.004360	0	0.474704	0.453143	0.071871	0.000282	
549000	-327.037698	1	166	0.005951	0.005951	0.005951	0.005951	0.020837	0.020837	0.000000	0.005951	0	0.444187	0.518592	0.037011	0.000210	
552000	-324.000967	1	114	0.005894	0.002726	0.005894	0.002726	0.020023	0.020023	0.002726	0.005894	0	0.194330	0.211168	0.453378	0.141124	
555000	-327.860213	1	439	0.005054	0.005054	0.005054	0.005054	0.025796	0.025796	0.000000	0.005054	0	0.460338	0.483024	0.056363	0.000275	
558000	-329.348945	1	73	0.004600	0.004600	0.004600	0.004600	0.027138	0.027138	0.000000	0.004600	1	0.468984	0.463774	0.066953	0.000289	
561000	-327.775693	1	231	0.006287	0.006287	0.006287	0.006287	0.026776	0.026776	0.000000	0.006287	0	0.434550	0.519411	0.045727	0.000312	
564000	-327.110091	1	466	0.005289	0.005289	0.005289	0.005289	0.023159	0.023159	0.000000	0.005289	0	0.457017	0.494536	0.048206	0.000241	
567000	-328.969790	1	115	0.003799	0.003799	0.003799	0.003799	0.018486	0.018486	0.003799	0.003799	1	0.243521	0.175638	0.494993	0.085848	
570000	-327.509828	1	14	0.006446	0.006446	0.006446	0.006446	0.022350	0.022350	0.000000	0.006446	1	0.433600	0.528976	0.037181	0.000243	
573000	-327.862772	1	557	0.004385	0.004385	0.004385	0.004385	0.019968	0.019968	0.004385	0.004385	0	0.245754	0.197670	0.459897	0.096680	
576000	-324.000967	1	114	0.005894	0.002726	0.005894	0.002726	0.020023	0.020023	0.002726	0.005894	0	0.194330	0.211168	0.453378	0.141124	
579000	-327.546465	1	465	0.006090	0.006090	0.006090	0.006090	0.019093	0.019093	0.000000	0.006090	0	0.442034	0.525701	0.032085	0.000180	
582000	-325.629444	1	19	0.009396	0.003109	0.003109	0.003109	0.024878	0.024878	0.003109	0.009396	1	0.247529	0.089517	0.446607	0.216347	
585000	-327.846969	1	533	0.006780	0.006780	0.006780	0.006780	0.021660	0.021660	0.000000	0.006780	1	0.427601	0.537752	0.034408	0.000239	
588000	-328.844354	1	368	0.004879	0.004879	0.004879	0.004879	0.017234	0.017234	0.000000	0.004879	0	0.470091	0.492531	0.037232	0.000146	
591000	-327.395792	1	244	0.006155	0.006155	0.006155	0.006155	0.021373	0.021373	0.000000	0.006155	1	0.439763	0.523248	0.036769	0.000220	
594000	-326.932086	1	0	0.005822	0.005822	0.005822	0.005822	0.021567	0.021567	0.000000	0.005822	0	0.446538	0.513682	0.039559	0.000220	
597000	-327.222454	1	581	0.006479	0.006479	0.006479	0.006479	0.023963	0.023963	0.000000	0.006479	0	0.432268	0.527317	0.040142	0.000274	
600000	-327.153379	1	468	0.005682	0.005682	0.005682	0.005682	0.020166	0.020166	0.000000	0.005682	0	0.450201	0.512189	0.037415	0.000195	
603000	-327.702607	1	552	0.004780	0.004780	0.004780	0.004780	0.023461	0.023461	0.000000	0.004780	0	0.467896	0.474926	0.056931	0.000247	
606000	-329.356547	1	54	0.007876	0.007876	0.007876	0.007876	0.022991	0.022991	0.000000	0.007876	1	0.408699	0.557107	0.033889	0.000305	
609000	-327.304781	1	82	0.006067	0.006067	0.006067	0.006067	0.022541	0.022541	0.000000	0.006067	1	0.440984	0.519080	0.039697	0.000238	
612000	-325.393416	1	19	0.009396	0.003109	0.003109	0.003109	0.024878	0.024878	0.003109	0.009396	0	0.245046	0.088509	0.448942	0.217504	
615000	-324.000967	1	114	0.005894	0.002726	0.005894	0.002726	0.020023	0.020023	0.002726	0.005894	0	0.194330	0.211168	0.453378	0.141124	
618000	-327.894257	1	124	0.006167	0.006167	0.006167	0.006167	0.027216	0.027216	0.000000	0.006167	0	0.436635	0.515941	0.047109	0.000314	
621000	-327.321905	1	187	0.006066	0.006066	0.006066	0.006066	0.023051	0.023051	0.000000	0.006066	1	0.440760	0.518297	0.040697	0.000247	
624000	-327.045569	1	183	0.006192	0.006192	0.006192	0.006192	0.021353	0.021353	0.000000	0.006192	0	0.439051	0.524075	0.036652	0.000222	
627000	-325.439851	1	105	0.011966	0.005270	0.005270	0.005270	0.011966	0.031983	0.000000	0.011966	0	0.609439	0.366405	0.023490	0.000666	
630000	-325.739513	1	105	0.011966	0.005270	0.005270	0.005270	0.011966	0.031983	0.000000	0.011966	1	0.609294	0.366980	0.023077	0.000649	
633000	-326.932339	1	155	0.006041	0.006041	0.006041	0.006041	0.022188	0.022188	0.000000	0.006041	0	0.441707	0.518748	0.039311	0.000234	
636000	-327.149341	1	167	0.006482	0.006482	0.006482	0.006482	0.023005	0.023005	0.000000	0.006482	0	0.432646	0.528701	0.038395	0.000257	
639000	-327.385497	1	308	0.006163	0.006163	0.006163	0.006163	0.023428	0.023428	0.000000	0.006163	1	0.438630	0.520333	0.040783	0.000255	
642000	-327.045788	1	89	0.005698	0.005698	0.005698	0.005698	0.024099	0.024099	0.000000	0.005698	0	0.447742	0.506324	0.045675	0.000259	
645000	-328.008190	1	194	0.006808	0.006808	0.006808	0.006808	0.026486	0.026486	0.000000	0.006808	0	0.425057	0.531902	0.042714	0.000327	
648000	-327.269741	1	400	0.006563	0.006563	0.006563	0.006563	0.023868	0.023868	0.000000	0.006563	0	0.430730	0.529428	0.039568	0.000275	
651000	-327.268613	1	196	0.005605	0.005605	0.005605	0.005605	0.022556	0.022556	0.000000	0.005605	1	0.450571	0.505837	0.043359	0.000232	
654000	-326.949519	1	32	0.005938	0.005938	0.005938	0.005938	0.021508	0.021508	0.000000	0.005938	0	0.444156	0.517037	0.038585	0.000221	
657000	-327.324731	1	417	0.005453	0.005453	0.005453	0.005453	0.022810	0.022810	0.000000	0.005453	1	0.453681	0.500668	0.045416	0.000235	
660000	-328.489206	1	248	0.005682	0.005682	0.005682	0.005682	0.027750	0.027750	0.000000	0.005682	1	0.445995	0.502267	0.051433	0.000305	
663000	-324.821999	1	4	0.004990	0.004990	0.004990	0.004990	0.013820	0.027739	0.000000	0.013820	1	0.463791	0.518760	0.016919	0.000530	
666000	-327.455555	1	593	0.005328	0.005328	0.005328	0.005328	0.023560	0.023560	0.000000	0.005328	1	0.455908	0.495488	0.048359	0.000245	
669000	-327.303422	1	393	0.006309	0.006309	0.006309	0.006309	0.020247	0.020247	0.000000	0.006309	0	0.437175	0.528991	0.033630	0.000204	
672000	-327.509828	1	14	0.006446	0.006446	0.006446	0.006446	0.022350	0.022350	0.000000	0.006446	1	0.433600	0.528976	0.037181	0.000243	
675000	-328.080224	1	462	0.004171	0.004171	0.004171	0.004171	0.019431	0.019431	0.004171	0.004171	0	0.245057	0.189893	0.472206	0.092844	
678000	-328.118869	1	46	0.004648	0.004648	0.004648	0.004648	0.021454	0.021454	0.000000	0.004648	1	0.472404	0.472649	0.054728	0.000219	
681000	-327.948080	1	357	0.005095	0.005095	0.005095	0.005095	0.022157	0.022157	0.005095	0.005095	0	0.243220	0.216267	0.431231	0.109282	
684000	-327.359736	1	197	0.005390	0.005390	0.005390	0.005390	0.022919	0.022919	0.000000	0.005390	1	0.454973	0.498451	0.046339	0.000236	
687000	-327.676500	1	222	0.006653	0.006653	0.006653	0.006653	0.022588	0.022588	0.000000	0.006653	1	0.429592	0.533465	0.036691	0.000252	
690000	-327.264061	1	70	0.005070	0.005070	0.005070	0.005070	0.022671	0.022671	0.000000	0.005070	0	0.462126	0.487471	0.050170	0.000234	
693000	-327.636948	1	224	0.005811	0.005811	0.005811	0.005811	0.025296	0.025296	0.000000	0.005811	1	0.444743	0.508380	0.046601	0.000276	
696000	-325.629444	1	19	0.009396	0.003109	0.003109	0.003109	0.024878	0.024878	0.003109	0.009396	1	0.247529	0.089517	0.446607	0.216347	
699000	-328.574992	1	491	0.005318	0.005318	0.005318	0.005318	0.019009	0.019009	0.005318	0.005318	1	0.262017	0.249841	0.375337	0.112805	
702000	-327.460008	1	245	0.005682	0.005682	0.005682	0.005682	0.025902	0.025902	0.000000	0.005682	0	0.447050	0.503765	0.048902	0.000284	
705000	-325.840756	1	113	0.010353	0.002724	0.002724	0.002724	0.010353	0.027462	0.002724	0.010353	1	0.443824	0.108633	0.337534	0.110009	
708000	-328.040579	1	353	0.004758	0.004758	0.004758	0.004758	0.018729	0.018729	0.004758	0.004758	0	0.258305	0.226013	0.412001	0.103681	
711000	-328.816455	1	136	0.005269	0.005269	0.005269	0.005269	0.024431	0.024431	0.005269	0.005269	1	0.236759	0.212698	0.439105	0.111438	
714000	-324.303396	1	114	0.005894	0.002726	0.005894	0.002726	0.020023	0.020023	0.002726	0.005894	1	0.195150	0.212279	0.451900	0.140671	
717000	-328.533182	1	467	0.005422	0.005422	0.005422	0.005422	0.019813	0.019813	0.005422	0.005422	1	0.258062	0.247308	0.379978	0.114652	
720000	-327.821569	1	294	0.007121	0.007121	0.007121	0.007121	0.021704	0.021704	0.000000	0.007121	0	0.421538	0.544718	0.033492	0.000252	
723000	-325.629444	1	19	0.009396	0.003109	0.003109	0.003109	0.024878	0.024878	0.003109	0.009396	1	0.247529	0.089517	0.446607	0.216347	
726000	-328.047234	1	309	0.004847	0.004847	0.004847	0.004847	0.020304	0.020304	0.004847	0.004847	1	0.251334	0.219373	0.424781	0.104513	
729000	-327.684444	1	562	0.005726	0.005726	0.005726	0.005726	0.019449	0.019449	0.000000	0.005726	1	0.449570	0.515078	0.035170	0.000182	
732000	-327.896006	1	354	0.005045	0.005045	0.005045	0.005045	0.020202	0.020202	0.005045	0.005045	0	0.252450	0.227265	0.411661	0.108623	
735000	-329.323431	1	16	0.006945	0.006945	0.006945	0.006945	0.029531	0.029531	0.000000	0.006945	0	0.421265	0.532037	0.046317	0.000382	
738000	-327.189020	1	279	0.005883	0.005883	0.005883	0.005883	0.020047	0.020047	0.000000	0.005883	0	0.445981	0.518179	0.035645	0.000195	
741000	-327.336646	1	34	0.006142	0.006142	0.006142	0.006142	0.022741	0.022741	0.000000	0.006142	1	0.439394	0.520746	0.039617	0.000243	
744000	-327.080552	1	313	0.006114	0.006114	0.006114	0.006114	0.020871	0.020871	0.000000	0.006114	0	0.440829	0.522896	0.036063	0.000212	
747000	-327.273128	1	76	0.006105	0.006105	0.006105	0.006105	0.025207	0.025207	0.000000	0.006105	0	0.438899	0.516384	0.044434	0.000283	
750000	-324.303396	1	114	0.005894	0.002726	0.005894	0.002726	0.020023	0.020023	0.002726	0.005894	1	0.195150	0.212279	0.451900	0.140671	
753000	-326.949519	1	32	0.005938	0.005938	0.005938	0.005938	0.021508	0.021508	0.000000	0.005938	0	0.444156	0.517037	0.038585	0.000221	
756000	-327.672539	1	400	0.006563	0.006563	0.006563	0.006563	0.023868	0.023868	0.000000	0.006563	1	0.430702	0.529619	0.039406	0.000272	
759000	-327.068507	1	536	0.005537	0.005537	0.005537	0.005537	0.023943	0.023943	0.000000	0.005537	0	0.451221	0.501586	0.046939	0.000254	
762000	-327.191156	1	334	0.005151	0.005151	0.005151	0.005151	0.022762	0.022762	0.000000	0.005151	0	0.460276	0.490303	0.049186	0.000235	
765000	-327.125490	1	593	0.005328	0.005328	0.005328	0.005328	0.023560	0.023560	0.000000	0.005328	0	0.455907	0.495316	0.048530	0.000247	
768000	-327.376769	1	594	0.006747	0.006747	0.006747	0.006747	0.022071	0.022071	0.000000	0.006747	0	0.428086	0.536196	0.035470	0.000248	
771000	-325.739513	1	105	0.011966	0.005270	0.005270	0.005270	0.011966	0.031983	0.000000	0.011966	1	0.609294	0.366980	0.023077	0.000649	
774000	-327.958718	1	431	0.004999	0.004999	0.004999	0.004999	0.019619	0.019619	0.000000	0.004999	1	0.465800	0.490788	0.043227	0.000185	
777000	-324.303396	1	114	0.005894	0.002726	0.005894	0.002726	0.020023	0.020023	0.002726	0.005894	1	0.195150	0.212279	0.451900	0.140671	
780000	-328.418483	1	549	0.004543	0.004543	0.004543	0.004543	0.019268	0.019268	0.000000	0.004543	0	0.476630	0.472717	0.050466	0.000187	
783000	-326.940439	1	53	0.006033	0.006033	0.006033	0.006033	0.021929	0.021929	0.000000	0.006033	0	0.441987	0.518954	0.038829	0.000229	
786000	-327.608484	1	395	0.006855	0.006855	0.006855	0.006855	0.021007	0.021007	0.000000	0.006855	0	0.426509	0.540286	0.032975	0.000230	
789000	-325.627828	1	191	0.009976	0.003660	0.003660	0.003660	0.020586	0.020586	0.003660	0.009976	1	0.293408	0.129109	0.369907	0.207576	
792000	-328.260629	1	120	0.005149	0.005149	0.005149	0.005149	0.027208	0.027208	0.000000	0.005149	0	0.457413	0.485229	0.057066	0.000292	
795000	-327.348572	1	558	0.005685	0.005685	0.005685	0.005685	0.023736	0.023736	0.000000	0.005685	1	0.448211	0.506588	0.044950	0.000251	
798000	-327.408359	1	165	0.005039	0.005039	0.005039	0.005039	0.023776	0.023776	0.000000	0.005039	0	0.462037	0.484743	0.052970	0.000250	
801000	-329.739132	1	52	0.003958	0.003958	0.003958	0.003958	0.021542	0.021542	0.000000	0.003958	1	0.486344	0.435819	0.077595	0.000242	
804000	-324.000967	1	114	0.005894	0.002726	0.005894	0.002726	0.020023	0.020023	0.002726	0.005894	0	0.194330	0.211168	0.453378	0.141124	
807000	-327.234840	1	559	0.006596	0.006596	0.006596	0.006596	0.023051	0.023051	0.000000	0.006596	0	0.430479	0.531311	0.037949	0.000261	
810000	-327.645890	1	117	0.007017	0.007017	0.007017	0.007017	0.023187	0.023187	0.000000	0.007017	0	0.422794	0.540372	0.036557	0.000277	
813000	-325.676590	1	113	0.010353	0.002724	0.002724	0.002724	0.010353	0.027462	0.002724	0.010353	0	0.442788	0.108190	0.338781	0.110241	
816000	-327.547898	1	348	0.006769	0.006769	0.006769	0.006769	0.020845	0.020845	0.000000	0.006769	0	0.428147	0.538677	0.032951	0.000225	
819000	-327.384676	1	270	0.005613	0.005613	0.005613	0.005613	0.023902	0.023902	0.000000	0.005613	1	0.449632	0.504182	0.045933	0.000253	
822000	-327.746887	1	182	0.005354	0.005354	0.005354	0.005354	0.019483	0.019483	0.000000	0.005354	1	0.457775	0.503525	0.038519	0.000181	
825000	-325.385190	1	191	0.009976	0.003660	0.003660	0.003660	0.020586	0.020586	0.003660	0.009976	0	0.290574	0.127737	0.372562	0.209127	
828000	-327.722147	1	165	0.005039	0.005039	0.005039	0.005039	0.023776	0.023776	0.000000	0.005039	1	0.462046	0.484915	0.052791	0.000248	
831000	-328.536529	1	136	0.005269	0.005269	0.005269	0.005269	0.024431	0.024431	0.005269	0.005269	0	0.235224	0.210660	0.441983	0.112133	
834000	-327.364183	1	263	0.005200	0.005200	0.005200	0.005200	0.020098	0.020098	0.000000	0.005200	0	0.460920	0.496836	0.042050	0.000193	
837000	-327.888169	1	366	0.004281	0.004281	0.004281	0.004281	0.021235	0.021235	0.004281	0.004281	0	0.236871	0.183902	0.484954	0.094272	
840000	-327.041279	1	226	0.006058	0.006058	0.006058	0.006058	0.020993	0.020993	0.000000	0.006058	0	0.441929	0.521182	0.036675	0.000214	
843000	-327.321905	1	187	0.006066	0.006066	0.006066	0.006066	0.023051	0.023051	0.000000	0.006066	1	0.440760	0.518297	0.040697	0.000247	
846000	-327.221941	1	475	0.005790	0.005790	0.005790	0.005790	0.019884	0.019884	0.000000	0.005790	0	0.448025	0.515879	0.035904	0.000191	
849000	-326.922443	1	318	0.005631	0.005631	0.005631	0.005631	0.022023	0.022023	0.000000	0.005631	0	0.450337	0.507289	0.042148	0.000226	
852000	-324.000967	1	114	0.005894	0.002726	0.005894	0.002726	0.020023	0.020023	0.002726	0.005894	0	0.194330	0.211168	0.453378	0.141124	
855000	-327.356702	1	49	0.006570	0.006570	0.006570	0.006570	0.024480	0.024480	0.000000	0.006570	0	0.430325	0.528798	0.040592	0.000285	
858000	-324.821999	1	4	0.004990	0.004990	0.004990	0.004990	0.013820	0.027739	0.000000	0.013820	1	0.463791	0.518760	0.016919	0.000530	
861000	-327.846969	1	533	0.006780	0.006780	0.006780	0.006780	0.021660	0.021660	0.000000	0.006780	1	0.427601	0.537752	0.034408	0.000239	
864000	-326.910909	1	441	0.005865	0.005865	0.005865	0.005865	0.021937	0.021937	0.000000	0.005865	0	0.445446	0.514299	0.040028	0.000227	
867000	-324.000967	1	114	0.005894	0.002726	0.005894	0.002726	0.020023	0.020023	0.002726	0.005894	0	0.194330	0.211168	0.453378	0.141124	
870000	-327.432032	1	182	0.005354	0.005354	0.005354	0.005354	0.019483	0.019483	0.000000	0.005354	0	0.457782	0.503395	0.038641	0.000182	
873000	-327.431286	1	329	0.006810	0.006810	0.006810	0.006810	0.022204	0.022204	0.000000	0.006810	0	0.426874	0.537392	0.035482	0.000252	
876000	-328.272006	1	262	0.004701	0.004701	0.004701	0.004701	0.018913	0.018913	0.000000	0.004701	0	0.473242	0.480573	0.046007	0.000178	
879000	-324.000967	1	114	0.005894	0.002726	0.005894	0.002726	0.020023	0.020023	0.002726	0.005894	0	0.194330	0.211168	0.453378	0.141124	
882000	-328.366141	1	510	0.004696	0.004696	0.004696	0.004696	0.023694	0.023694	0.004696	0.004696	1	0.233411	0.192379	0.473255	0.100956	
885000	-328.934720	1	161	0.003681	0.003681	0.003681	0.003681	0.018722	0.018722	0.003681	0.003681	0	0.237923	0.165436	0.513119	0.083523	
888000	-327.226837	1	385	0.006307	0.006307	0.006307	0.006307	0.020587	0.020587	0.000000	0.006307	0	0.437081	0.528319	0.034389	0.000211	
891000	-327.672539	1	400	0.006563	0.006563	0.006563	0.006563	0.023868	0.023868	0.000000	0.006563	1	0.430702	0.529619	0.039406	0.000272	
894000	-324.303396	1	114	0.005894	0.002726	0.005894	0.002726	0.020023	0.020023	0.002726	0.005894	1	0.195150	0.212279	0.451900	0.140671	
897000	-328.631704	1	227	0.005575	0.005575	0.005575	0.005575	0.021580	0.021580	0.005575	0.005575	1	0.250058	0.240216	0.392322	0.117404	
900000	-327.379674	1	449	0.005578	0.005578	0.005578	0.005578	0.023804	0.023804	0.000000	0.005578	1	0.450433	0.503220	0.046096	0.000251	
903000	-327.429353	1	420	0.005230	0.005230	0.005230	0.005230	0.022164	0.022164	0.000000	0.005230	1	0.458935	0.494201	0.046640	0.000225	
906000	-327.364745	1	358	0.005345	0.005345	0.005345	0.005345	0.022553	0.022553	0.000000	0.005345	1	0.456180	0.497499	0.046090	0.000231	
909000	-327.330268	1	69	0.005916	0.005916	0.005916	0.005916	0.019566	0.019566	0.000000	0.005916	0	0.445484	0.520064	0.034266	0.000187	
912000	-327.458624	1	225	0.006450	0.006450	0.006450	0.006450	0.020013	0.020013	0.000000	0.006450	0	0.434481	0.532861	0.032455	0.000203	
915000	-325.840756	1	113	0.010353	0.002724	0.002724	0.002724	0.010353	0.027462	0.002724	0.010353	1	0.443824	0.108633	0.337534	0.110009	
918000	-327.775693	1	231	0.006287	0.006287	0.006287	0.006287	0.026776	0.026776	0.000000	0.006287	0	0.434550	0.519411	0.045727	0.000312	
921000	-326.223631	1	597	0.013639	0.004575	0.004575	0.004575	0.013639	0.026244	0.000000	0.013639	0	0.643815	0.322290	0.032620	0.001275	
924000	-326.914550	1	162	0.005708	0.005708	0.005708	0.005708	0.021907	0.021907	0.000000	0.005708	0	0.448756	0.509803	0.041216	0.000225	
927000	-328.611399	1	324	0.007265	0.007265	0.007265	0.007265	0.025128	0.025128	0.000000	0.007265	1	0.417703	0.543124	0.038854	0.000320	
930000	-327.535954	1	279	0.005883	0.005883	0.005883	0.005883	0.020047	0.020047	0.000000	0.005883	1	0.445966	0.518319	0.035522	0.000194	
933000	-326.953443	1	108	0.005524	0.005524	0.005524	0.005524	0.022624	0.022624	0.000000	0.005524	0	0.452279	0.503033	0.044454	0.000234	
936000	-327.262417	1	79	0.005636	0.005636	0.005636	0.005636	0.022055	0.022055	0.000000	0.005636	1	0.450200	0.507555	0.042020	0.000225	
939000	-327.364745	1	358	0.005345	0.005345	0.005345	0.005345	0.022553	0.022553	0.000000	0.005345	1	0.456180	0.497499	0.046090	0.000231	
942000	-328.413020	1	472	0.005752	0.005752	0.005752	0.005752	0.028456	0.028456	0.000000	0.005752	0	0.444207	0.503523	0.051953	0.000318	
945000	-324.000967	1	114	0.005894	0.002726	0.005894	0.002726	0.020023	0.020023	0.002726	0.005894	0	0.194330	0.211168	0.453378	0.141124	
948000	-328.528435	1	3	0.002476	0.002476	0.002476	0.002476	0.018750	0.018750	0.002476	0.018750	1	0.119809	0.091056	0.390737	0.398398	
951000	-324.470707	1	4	0.004990	0.004990	0.004990	0.004990	0.013820	0.027739	0.000000	0.013820	0	0.463817	0.518677	0.016973	0.000533	
954000	-327.947806	1	348	0.006769	0.006769	0.006769	0.006769	0.020845	0.020845	0.000000	0.006769	1	0.428116	0.538836	0.032825	0.000223	
957000	-327.262417	1	79	0.005636	0.005636	0.005636	0.005636	0.022055	0.022055	0.000000	0.005636	1	0.450200	0.507555	0.042020	0.000225	
960000	-327.446376	1	44	0.005695	0.005695	0.005695	0.005695	0.024371	0.024371	0.000000	0.005695	1	0.447640	0.506081	0.046019	0.000260	
963000	-327.071851	1	539	0.005340	0.005340	0.005340	0.005340	0.023108	0.023108	0.000000	0.005340	0	0.455944	0.496336	0.047479	0.000241	
966000	-327.395226	1	291	0.005498	0.005498	0.005498	0.005498	0.020827	0.020827	0.000000	0.005498	1	0.453865	0.505407	0.040524	0.000204	
969000	-327.110091	1	466	0.005289	0.005289	0.005289	0.005289	0.023159	0.023159	0.000000	0.005289	0	0.457017	0.494536	0.048206	0.000241	
972000	-328.079318	1	88	0.004893	0.004893	0.004893	0.004893	0.021849	0.021849	0.004893	0.004893	1	0.244063	0.211293	0.439591	0.105052	
975000	-328.192148	1	509	0.007036	0.007036	0.007036	0.007036	0.026368	0.026368	0.000000	0.007036	0	0.421099	0.536896	0.041669	0.000335	
978000	-327.384676	1	270	0.005613	0.005613	0.005613	0.005613	0.023902	0.023902	0.000000	0.005613	1	0.449632	0.504182	0.045933	0.000253	
981000	-327.304524	1	53	0.006033	0.006033	0.006033	0.006033	0.021929	0.021929	0.000000	0.006033	1	0.441970	0.519118	0.038684	0.000228	
984000	-328.039768	1	57	0.005182	0.005182	0.005182	0.005182	0.018190	0.018190	0.000000	0.005182	0	0.462397	0.500731	0.036711	0.000160	
987000	-327.260020	1	162	0.005708	0.005708	0.005708	0.005708	0.021907	0.021907	0.000000	0.005708	1	0.448746	0.509963	0.041068	0.000223	
990000	-327.668235	1	95	0.006556	0.006556	0.006556	0.006556	0.023881	0.023881	0.000000	0.006556	1	0.430835	0.529428	0.039465	0.000272	
993000	-327.135540	1	585	0.006099	0.006099	0.006099	0.006099	0.024543	0.024543	0.000000	0.006099	0	0.439354	0.517022	0.043352	0.000273	
996000	-324.000967	1	114	0.005894	0.002726	0.005894	0.002726	0.020023	0.020023	0.002726	0.005894	0	0.194330	0.211168	0.453378	0.141124	
999000	-327.068507	1	536	0.005537	0.005537	0.005537	0.005537	0.023943	0.023943	0.000000	0.005537	0	0.451221	0.501586	0.046939	0.000254	
1002000	-324.470707	1	4	0.004990	0.004990	0.004990	0.004990	0.013820	0.027739	0.000000	0.013820	0	0.463817	0.518677	0.016973	0.000533	
1005000	-331.658707	1	22	0.005735	0.005735	0.005735	0.005735	0.005735	0.029142	0.005735	0.005735	1	0.580084	0.251717	0.137857	0.030341	
1008000	-327.393140	1	116	0.005353	0.005353	0.005353	0.005353	0.021322	0.021322	0.000000	0.005353	1	0.456748	0.499829	0.043212	0.000212	
1011000	-328.008190	1	194	0.006808	0.006808	0.006808	0.006808	0.026486	0.026486	0.000000	0.006808	0	0.425057	0.531902	0.042714	0.000327	
1014000	-327.779193	1	589	0.005702	0.005702	0.005702	0.005702	0.018352	0.018352	0.000000	0.005702	0	0.450549	0.516703	0.032585	0.000164	
1017000	-327.424838	1	341	0.006321	0.006321	0.006321	0.006321	0.022519	0.022519	0.000000	0.006321	1	0.435955	0.525652	0.038150	0.000243	
1020000	-327.379932	1	259	0.006768	0.006768	0.006768	0.006768	0.022916	0.022916	0.000000	0.006768	0	0.427356	0.535405	0.036975	0.000264	
1023000	-327.590527	1	438	0.005583	0.005583	0.005583	0.005583	0.019795	0.019795	0.000000	0.005583	1	0.452530	0.510091	0.037192	0.000187	
1026000	-327.259028	1	362	0.005838	0.005838	0.005838	0.005838	0.022025	0.022025	0.000000	0.005838	1	0.445956	0.513544	0.040274	0.000226	
1029000	-328.583456	1	221	0.005663	0.005663	0.005663	0.005663	0.022854	0.022854	0.005663	0.005663	0	0.243368	0.233118	0.403730	0.119784	
1032000	-328.444406	1	119	0.005413	0.005413	0.005413	0.005413	0.020636	0.020636	0.005413	0.005413	1	0.253852	0.240785	0.390840	0.114523	
1035000	-324.000967	1	114	0.005894	0.002726	0.005894	0.002726	0.020023	0.020023	0.002726	0.005894	0	0.194330	0.211168	0.453378	0.141124	
1038000	-328.408195	1	13	0.005440	0.005440	0.005440	0.005440	0.019152	0.019152	0.005440	0.005440	0	0.260349	0.251596	0.372413	0.115641	
1041000	-328.112298	1	232	0.004784	0.004784	0.004784	0.004784	0.024176	0.024176	0.000000	0.004784	1	0.467283	0.474351	0.058111	0.000255	
1044000	-327.407890	1	96	0.005420	0.005420	0.005420	0.005420	0.020924	0.020924	0.000000	0.005420	1	0.455512	0.502745	0.041538	0.000206	
1047000	-327.561871	1	152	0.004947	0.004947	0.004947	0.004947	0.024054	0.024054	0.000000	0.004947	0	0.463834	0.480885	0.055028	0.000254	
1050000	-325.393416	1	19	0.009396	0.003109	0.003109	0.003109	0.024878	0.024878	0.003109	0.009396	0	0.245046	0.088509	0.448942	0.217504	
1053000	-327.444321	1	313	0.006114	0.006114	0.006114	0.006114	0.020871	0.020871	0.000000	0.006114	1	0.440810	0.523048	0.035931	0.000211	
1056000	-326.972482	1	121	0.005576	0.005576	0.005576	0.005576	0.021405	0.021405	0.000000	0.005576	0	0.451840	0.506675	0.041270	0.000215	
1059000	-327.726815	1	153	0.006287	0.006287	0.006287	0.006287	0.025209	0.025209	0.000000	0.006287	1	0.435316	0.521280	0.043118	0.000286	
1062000	-326.953443	1	108	0.005524	0.005524	0.005524	0.005524	0.022624	0.022624	0.000000	0.005524	0	0.452279	0.503033	0.044454	0.000234	
1065000	-328.385226	1	485	0.006909	0.006909	0.006909	0.006909	0.019723	0.019723	0.000000	0.006909	1	0.425891	0.543886	0.030019	0.000205	
1068000	-328.237547	1	147	0.007156	0.007156	0.007156	0.007156	0.022852	0.022852	0.000000	0.007156	1	0.420463	0.543899	0.035365	0.000273	
1071000	-326.926344	1	196	0.005605	0.005605	0.005605	0.005605	0.022556	0.022556	0.000000	0.005605	0	0.450579	0.505672	0.043515	0.000234	
1074000	-327.273128	1	76	0.006105	0.006105	0.006105	0.006105	0.025207	0.025207	0.000000	0.006105	0	0.438899	0.516384	0.044434	0.000283	
1077000	-324.000967	1	114	0.005894	0.002726	0.005894	0.002726	0.020023	0.020023	0.002726	0.005894	0	0.194330	0.211168	0.453378	0.141124	
1080000	-327.126818	1	508	0.005549	0.005549	0.005549	0.005549	0.020396	0.020396	0.000000	0.005549	0	0.452987	0.507686	0.039129	0.000199	
1083000	-329.253572	1	367	0.005042	0.005042	0.005042	0.005042	0.028430	0.028430	0.000000	0.005042	1	0.458912	0.480715	0.060071	0.000302	
1086000	-327.995640	1	71	0.004205	0.004205	0.004205	0.004205	0.021872	0.021872	0.004205	0.004205	0	0.232122	0.176289	0.499000	0.092589	
1089000	-327.681926	1	428	0.005844	0.005844	0.005844	0.005844	0.019498	0.019498	0.000000	0.005844	1	0.447016	0.518345	0.034456	0.000184	
1092000	-327.896006	1	354	0.005045	0.005045	0.005045	0.005045	0.020202	0.020202	0.005045	0.005045	0	0.252450	0.227265	0.411661	0.108623	
1095000	-328.498642	1	391	0.005301	0.005301	0.005301	0.005301	0.019273	0.019273	0.005301	0.005301	1	0.260456	0.246921	0.380100	0.112523	
1098000	-329.108690	1	45	0.004243	0.004243	0.004243	0.004243	0.020082	0.020082	0.000000	0.004243	1	0.482520	0.455943	0.061330	0.000207	
1101000	-328.157553	1	514	0.007094	0.007094	0.007094	0.007094	0.022673	0.022673	0.000000	0.007094	1	0.421611	0.542887	0.035235	0.000267	
1104000	-327.436342	1	466	0.005289	0.005289	0.005289	0.005289	0.023159	0.023159	0.000000	0.005289	1	0.457018	0.494705	0.048038	0.000240	
1107000	-326.996963	1	558	0.005685	0.005685	0.005685	0.005685	0.023736	0.023736	0.000000	0.005685	0	0.448219	0.506411	0.045117	0.000253	
1110000	-326.949519	1	32	0.005938	0.005938	0.005938	0.005938	0.021508	0.021508	0.000000	0.005938	0	0.444156	0.517037	0.038585	0.000221	
1113000	-327.308308	1	121	0.005576	0.005576	0.005576	0.005576	0.021405	0.021405	0.000000	0.005576	1	0.451831	0.506828	0.041127	0.000214	
1116000	-327.282560	1	0	0.005822	0.005822	0.005822	0.005822	0.021567	0.021567	0.000000	0.005822	1	0.446525	0.513839	0.039417	0.000219	
1119000	-325.676590	1	113	0.010353	0.002724	0.002724	0.002724	0.010353	0.027462	0.002724	0.010353	0	0.442788	0.108190	0.338781	0.110241	
1122000	-324.470707	1	4	0.004990	0.004990	0.004990	0.004990	0.013820	0.027739	0.000000	0.013820	0	0.463817	0.518677	0.016973	0.000533	
1125000	-327.083018	1	96	0.005420	0.005420	0.005420	0.005420	0.020924	0.020924	0.000000	0.005420	0	0.455517	0.502598	0.041678	0.000207	
1128000	-324.000967	1	114	0.005894	0.002726	0.005894	0.002726	0.020023	0.020023	0.002726	0.005894	0	0.194330	0.211168	0.453378	0.141124	
1131000	-326.980686	1	588	0.005444	0.005444	0.005444	0.005444	0.022310	0.022310	0.000000	0.005444	0	0.454178	0.500980	0.044613	0.000229	
1134000	-324.821999	1	4	0.004990	0.004990	0.004990	0.004990	0.013820	0.027739	0.000000	0.013820	1	0.463791	0.518760	0.016919	0.000530	
1137000	-326.949519	1	32	0.005938	0.005938	0.005938	0.005938	0.021508	0.021508	0.000000	0.005938	0	0.444156	0.517037	0.038585	0.000221	
1140000	-327.676428	1	325	0.005576	0.005576	0.005576	0.005576	0.025289	0.025289	0.000000	0.005576	1	0.449590	0.501399	0.048740	0.000272	
1143000	-327.507990	1	320	0.005503	0.005503	0.005503	0.005503	0.024428	0.024428	0.000000	0.005503	1	0.451631	0.500107	0.048003	0.000259	
1146000	-325.393416	1	19	0.009396	0.003109	0.003109	0.003109	0.024878	0.024878	0.003109	0.009396	0	0.245046	0.088509	0.448942	0.217504	
1149000	-324.000967	1	114	0.005894	0.002726	0.005894	0.002726	0.020023	0.020023	0.002726	0.005894	0	0.194330	0.211168	0.453378	0.141124	
1152000	-324.000967	1	114	0.005894	0.002726	0.005894	0.002726	0.020023	0.020023	0.002726	0.005894	0	0.194330	0.211168	0.453378	0.141124	
1155000	-328.695655	1	446	0.006061	0.006061	0.006061	0.006061	0.029120	0.029120	0.000000	0.006061	0	0.437724	0.511556	0.050385	0.000335	
1158000	-326.910909	1	441	0.005865	0.005865	0.005865	0.005865	0.021937	0.021937	0.000000	0.005865	0	0.445446	0.514299	0.040028	0.000227	
1161000	-325.676590	1	113	0.010353	0.002724	0.002724	0.002724	0.010353	0.027462	0.002724	0.010353	0	0.442788	0.108190	0.338781	0.110241	
1164000	-327.636948	1	224	0.005811	0.005811	0.005811	0.005811	0.025296	0.025296	0.000000	0.005811	1	0.444743	0.508380	0.046601	0.000276	
1167000	-327.535954	1	279	0.005883	0.005883	0.005883	0.005883	0.020047	0.020047	0.000000	0.005883	1	0.445966	0.518319	0.035522	0.000194	
1170000	-327.431286	1	329	0.006810	0.006810	0.006810	0.006810	0.022204	0.022204	0.000000	0.006810	0	0.426874	0.537392	0.035482	0.000252	
1173000	-328.957331	1	72	0.004124	0.004124	0.004124	0.004124	0.016920	0.016920	0.004124	0.004124	0	0.261601	0.208771	0.436703	0.092925	
1176000	-326.953443	1	108	0.005524	0.005524	0.005524	0.005524	0.022624	0.022624	0.000000	0.005524	0	0.452279	0.503033	0.044454	0.000234	
1179000	-327.596607	1	333	0.006961	0.006961	0.006961	0.006961	0.022112	0.022112	0.000000	0.006961	0	0.424195	0.540778	0.034772	0.000255	
1182000	-327.070400	1	116	0.005353	0.005353	0.005353	0.005353	0.021322	0.021322	0.000000	0.005353	0	0.456751	0.499678	0.043358	0.000213	
1185000	-327.480160	1	511	0.004927	0.004927	0.004927	0.004927	0.023316	0.023316	0.000000	0.004927	0	0.464806	0.481067	0.053882	0.000244	
1188000	-327.264061	1	70	0.005070	0.005070	0.005070	0.005070	0.022671	0.022671	0.000000	0.005070	0	0.462126	0.487471	0.050170	0.000234	
1191000	-324.470707	1	4	0.004990	0.004990	0.004990	0.004990	0.013820	0.027739	0.000000	0.013820	0	0.463817	0.518677	0.016973	0.000533	
1194000	-326.962827	1	34	0.006142	0.006142	0.006142	0.006142	0.022741	0.022741	0.000000	0.006142	0	0.439413	0.520573	0.039769	0.000245	
1197000	-325.840756	1	113	0.010353	0.002724	0.002724	0.002724	0.010353	0.027462	0.002724	0.010353	1	0.443824	0.108633	0.337534	0.110009	
1200000	-327.120483	1	14	0.006446	0.006446	0.006446	0.006446	0.022350	0.022350	0.000000	0.006446	0	0.433625	0.528803	0.037327	0.000245	
1203000	-327.356702	1	49	0.006570	0.006570	0.006570	0.006570	0.024480	0.024480	0.000000	0.006570	0	0.430325	0.528798	0.040592	0.000285	
1206000	-327.334361	1	153	0.006287	0.006287	0.006287	0.006287	0.025209	0.025209	0.000000	0.006287	0	0.435337	0.521081	0.043294	0.000288	
1209000	-327.526040	1	330	0.006463	0.006463	0.006463	0.006463	0.022906	0.022906	0.000000	0.006463	1	0.433030	0.528564	0.038153	0.000253	
1212000	-327.027376	1	244	0.006155	0.006155	0.006155	0.006155	0.021373	0.021373	0.000000	0.006155	0	0.439783	0.523089	0.036906	0.000222	
1215000	-327.494052	1	149	0.006228	0.006228	0.006228	0.006228	0.020918	0.020918	0.000000	0.006228	1	0.438485	0.525916	0.035386	0.000213	
1218000	-328.287754	1	490	0.004434	0.004434	0.004434	0.004434	0.018738	0.018738	0.004434	0.004434	1	0.255089	0.210856	0.436527	0.097529	
1221000	-328.797983	1	369	0.003786	0.003786	0.003786	0.003786	0.018478	0.018478	0.003786	0.003786	0	0.242445	0.174010	0.497745	0.085799	
1224000	-327.367250	1	122	0.005018	0.005018	0.005018	0.005018	0.023276	0.023276	0.000000	0.005018	0	0.462847	0.484629	0.052281	0.000243	
1227000	-327.305108	1	229	0.005975	0.005975	0.005975	0.005975	0.023175	0.023175	0.000000	0.005975	1	0.442539	0.515656	0.041559	0.000247	
1230000	-325.629444	1	19	0.009396	0.003109	0.003109	0.003109	0.024878	0.024878	0.003109	0.009396	1	0.247529	0.089517	0.446607	0.216347	
1233000	-327.261053	1	135	0.005892	0.005892	0.005892	0.005892	0.022490	0.022490	0.000000	0.005892	1	0.444594	0.514352	0.040820	0.000235	
1236000	-328.689231	1	502	0.004896	0.004896	0.004896	0.004896	0.026702	0.026702	0.000000	0.004896	1	0.463097	0.476411	0.060209	0.000284	
1239000	-325.676590	1	113	0.010353	0.002724	0.002724	0.002724	0.010353	0.027462	0.002724	0.010353	0	0.442788	0.108190	0.338781	0.110241	
1242000	-324.303396	1	114	0.005894	0.002726	0.005894	0.002726	0.020023	0.020023	0.002726	0.005894	1	0.195150	0.212279	0.451900	0.140671	
1245000	-328.368962	1	234	0.004993	0.004993	0.004993	0.004993	0.026158	0.026158	0.000000	0.004993	1	0.461402	0.480603	0.057718	0.000278	
1248000	-327.070400	1	116	0.005353	0.005353	0.005353	0.005353	0.021322	0.021322	0.000000	0.005353	0	0.456751	0.499678	0.043358	0.000213	
1251000	-328.714903	1	535	0.004409	0.004409	0.004409	0.004409	0.020192	0.020192	0.000000	0.004409	1	0.478820	0.464186	0.056789	0.000204	
1254000	-327.509828	1	14	0.006446	0.006446	0.006446	0.006446	0.022350	0.022350	0.000000	0.006446	1	0.433600	0.528976	0.037181	0.000243	
1257000	-327.918748	1	501	0.004987	0.004987	0.004987	0.004987	0.025729	0.025729	0.000000	0.004987	0	0.461798	0.480599	0.057328	0.000274	
1260000	-327.588445	1	381	0.005687	0.005687	0.005687	0.005687	0.018792	0.018792	0.000000	0.005687	0	0.450723	0.515231	0.033875	0.000171	
1263000	-327.408359	1	165	0.005039	0.005039	0.005039	0.005039	0.023776	0.023776	0.000000	0.005039	0	0.462037	0.484743	0.052970	0.000250	
1266000	-327.730449	1	514	0.007094	0.007094	0.007094	0.007094	0.022673	0.022673	0.000000	0.007094	0	0.421648	0.542700	0.035382	0.000270	
1269000	-327.400891	1	539	0.005340	0.005340	0.005340	0.005340	0.023108	0.023108	0.000000	0.005340	1	0.455944	0.496504	0.047313	0.000239	
1272000	-327.028490	1	197	0.005390	0.005390	0.005390	0.005390	0.022919	0.022919	0.000000	0.005390	0	0.454975	0.498284	0.046503	0.000238	
1275000	-327.672539	1	400	0.006563	0.006563	0.006563	0.006563	0.023868	0.023868	0.000000	0.006563	1	0.430702	0.529619	0.039406	0.000272	
1278000	-326.980686	1	588	0.005444	0.005444	0.005444	0.005444	0.022310	0.022310	0.000000	0.005444	0	0.454178	0.500980	0.044613	0.000229	
1281000	-325.629444	1	19	0.009396	0.003109	0.003109	0.003109	0.024878	0.024878	0.003109	0.009396	1	0.247529	0.089517	0.446607	0.216347	
1284000	-327.037698	1	166	0.005951	0.005951	0.005951	0.005951	0.020837	0.020837	0.000000	0.005951	0	0.444187	0.518592	0.037011	0.000210	
1287000	-327.272080	1	224	0.005811	0.005811	0.005811	0.005811	0.025296	0.025296	0.000000	0.005811	0	0.444753	0.508188	0.046782	0.000278	
1290000	-326.501617	1	597	0.013639	0.004575	0.004575	0.004575	0.013639	0.026244	0.000000	0.013639	1	0.643990	0.322713	0.032060	0.001237	
1293000	-328.546583	1	260	0.004908	0.004908	0.004908	0.004908	0.027181	0.027181	0.000000	0.004908	0	0.462510	0.476317	0.060883	0.000290	
1296000	-329.072974	1	78	0.003633	0.003633	0.003633	0.003633	0.019565	0.019565	0.003633	0.003633	1	0.231760	0.157284	0.529116	0.081841	
1299000	-325.393416	1	19	0.009396	0.003109	0.003109	0.003109	0.024878	0.024878	0.003109	0.009396	0	0.245046	0.088509	0.448942	0.217504	
1302000	-328.418483	1	549	0.004543	0.004543	0.004543	0.004543	0.019268	0.019268	0.000000	0.004543	0	0.476630	0.472717	0.050466	0.000187	
1305000	-327.030848	1	339	0.006213	0.006213	0.006213	0.006213	0.023480	0.023480	0.000000	0.006213	0	0.437645	0.521360	0.040736	0.000259	
1308000	-324.470707	1	4	0.004990	0.004990	0.004990	0.004990	0.013820	0.027739	0.000000	0.013820	0	0.463817	0.518677	0.016973	0.000533	
1311000	-326.926290	1	110	0.005998	0.005998	0.005998	0.005998	0.022048	0.022048	0.000000	0.005998	0	0.442656	0.517799	0.039314	0.000231	
1314000	-327.663201	1	431	0.004999	0.004999	0.004999	0.004999	0.019619	0.019619	0.000000	0.004999	0	0.465799	0.490658	0.043357	0.000186	
1317000	-327.262417	1	79	0.005636	0.005636	0.005636	0.005636	0.022055	0.022055	0.000000	0.005636	1	0.450200	0.507555	0.042020	0.000225	
1320000	-327.952064	1	458	0.007188	0.007188	0.007188	0.007188	0.024410	0.024410	0.000000	0.007188	0	0.419346	0.542248	0.038100	0.000307	
1323000	-327.160294	1	261	0.005247	0.005247	0.005247	0.005247	0.023355	0.023355	0.000000	0.005247	0	0.457806	0.492806	0.049145	0.000244	
1326000	-328.715316	1	534	0.006759	0.006759	0.006759	0.006759	0.027446	0.027446	0.000000	0.006759	1	0.425456	0.530093	0.044114	0.000337	
1329000	-328.599482	1	84	0.007026	0.007026	0.007026	0.007026	0.026294	0.026294	0.000000	0.007026	1	0.421282	0.536974	0.041414	0.000330	
1332000	-327.402131	1	332	0.005532	0.005532	0.005532	0.005532	0.023866	0.023866	0.000000	0.005532	1	0.451354	0.501728	0.046667	0.000251	
1335000	-327.583593	1	169	0.006921	0.006921	0.006921	0.006921	0.023833	0.023833	0.000000	0.006921	0	0.424226	0.537464	0.038024	0.000286	
1338000	-327.356702	1	49	0.006570	0.006570	0.006570	0.006570	0.024480	0.024480	0.000000	0.006570	0	0.430325	0.528798	0.040592	0.000285	
1341000	-327.747144	1	363	0.006707	0.006707	0.006707	0.006707	0.021975	0.021975	0.000000	0.006707	1	0.428843	0.535610	0.035305	0.000243	
1344000	-324.303396	1	114	0.005894	0.002726	0.005894	0.002726	0.020023	0.020023	0.002726	0.005894	1	0.195150	0.212279	0.451900	0.140671	
1347000	-327.171698	1	90	0.006447	0.006447	0.006447	0.006447	0.021542	0.021542	0.000000	0.006447	0	0.433965	0.530088	0.035717	0.000231	
1350000	-328.562294	1	215	0.005512	0.005512	0.005512	0.005512	0.021721	0.021721	0.005512	0.005512	1	0.249196	0.237037	0.397501	0.116267	
1353000	-327.490646	1	342	0.005745	0.005745	0.005745	0.005745	0.024631	0.024631	0.000000	0.005745	1	0.446460	0.507240	0.046035	0.000265	
1356000	-327.894257	1	124	0.006167	0.006167	0.006167	0.006167	0.027216	0.027216	0.000000	0.006167	0	0.436635	0.515941	0.047109	0.000314	
1359000	-327.781643	1	594	0.006747	0.006747	0.006747	0.006747	0.022071	0.022071	0.000000	0.006747	1	0.428055	0.536371	0.035329	0.000245	
1362000	-328.013964	1	395	0.006855	0.006855	0.006855	0.006855	0.021007	0.021007	0.000000	0.006855	1	0.426477	0.540448	0.032847	0.000228	
1365000	-327.068507	1	536	0.005537	0.005537	0.005537	0.005537	0.023943	0.023943	0.000000	0.005537	0	0.451221	0.501586	0.046939	0.000254	
1368000	-329.310942	1	364	0.007829	0.007829	0.007829	0.007829	0.023941	0.023941	0.000000	0.007829	1	0.409086	0.555020	0.035571	0.000323	
1371000	-327.489688	1	468	0.005682	0.005682	0.005682	0.005682	0.020166	0.020166	0.000000	0.005682	1	0.450189	0.512328	0.037289	0.000194	
1374000	-327.306294	1	32	0.005938	0.005938	0.005938	0.005938	0.021508	0.021508	0.000000	0.005938	1	0.444141	0.517195	0.038445	0.000219	
1377000	-327.257675	1	185	0.005790	0.005790	0.005790	0.005790	0.022718	0.022718	0.000000	0.005790	1	0.446585	0.511106	0.042072	0.000237	
1380000	-329.647602	1	107	0.004051	0.004051	0.004051	0.004051	0.016204	0.016204	0.004051	0.004051	1	0.266741	0.212691	0.428977	0.091591	
1383000	-327.781643	1	594	0.006747	0.006747	0.006747	0.006747	0.022071	0.022071	0.000000	0.006747	1	0.428055	0.536371	0.035329	0.000245	
1386000	-327.646037	1	186	0.005490	0.005490	0.005490	0.005490	0.025037	0.025037	0.000000	0.005490	1	0.451556	0.498961	0.049217	0.000267	
1389000	-327.402453	1	226	0.006058	0.006058	0.006058	0.006058	0.020993	0.020993	0.000000	0.006058	1	0.441911	0.521335	0.036542	0.000212	
1392000	-328.272260	1	500	0.007370	0.007370	0.007370	0.007370	0.024974	0.024974	0.000000	0.007370	0	0.416060	0.545133	0.038482	0.000326	
1395000	-327.339762	1	428	0.005844	0.005844	0.005844	0.005844	0.019498	0.019498	0.000000	0.005844	0	0.447031	0.518212	0.034572	0.000185	
1398000	-328.112298	1	232	0.004784	0.004784	0.004784	0.004784	0.024176	0.024176	0.000000	0.004784	1	0.467283	0.474351	0.058111	0.000255	
1401000	-327.037544	1	358	0.005345	0.005345	0.005345	0.005345	0.022553	0.022553	0.000000	0.005345	0	0.456181	0.497336	0.046251	0.000232	
1404000	-327.259028	1	362	0.005838	0.005838	0.005838	0.005838	0.022025	0.022025	0.000000	0.005838	1	0.445956	0.513544	0.040274	0.000226	
1407000	-324.821999	1	4	0.004990	0.004990	0.004990	0.004990	0.013820	0.027739	0.000000	0.013820	1	0.463791	0.518760	0.016919	0.000530	
1410000	-328.038668	1	436	0.007272	0.007272	0.007272	0.007272	0.021552	0.021552	0.000000	0.007272	0	0.418992	0.547974	0.032780	0.000254	
1413000	-328.492024	1	267	0.005500	0.005500	0.005500	0.005500	0.023408	0.023408	0.005500	0.005500	0	0.240532	0.224359	0.418441	0.116668	
1416000	-324.000967	1	114	0.005894	0.002726	0.005894	0.002726	0.020023	0.020023	0.002726	0.005894	0	0.194330	0.211168	0.453378	0.141124	
1419000	-328.269630	1	239	0.006147	0.006147	0.006147	0.006147	0.017631	0.017631	0.000000	0.006147	0	0.441280	0.530420	0.028147	0.000154	
1422000	-327.570986	1	305	0.004808	0.004808	0.004808	0.004808	0.022332	0.022332	0.000000	0.004808	0	0.468141	0.477794	0.053834	0.000231	
1425000	-328.641017	1	583	0.004893	0.004893	0.004893	0.004893	0.027357	0.027357	0.000000	0.004893	0	0.462707	0.475612	0.061389	0.000292	
1428000	-328.594999	1	497	0.004714	0.004714	0.004714	0.004714	0.017213	0.017213	0.004714	0.004714	0	0.267974	0.237992	0.391018	0.103017	
1431000	-327.894244	1	550	0.004706	0.004706	0.004706	0.004706	0.023941	0.023941	0.000000	0.004706	0	0.469119	0.471167	0.059461	0.000254	
1434000	-327.322006	1	519	0.005714	0.005714	0.005714	0.005714	0.023544	0.023544	0.000000	0.005714	1	0.447726	0.507692	0.044333	0.000249	
1437000	-327.424838	1	341	0.006321	0.006321	0.006321	0.006321	0.022519	0.022519	0.000000	0.006321	1	0.435955	0.525652	0.038150	0.000243	
1440000	-327.306294	1	32	0.005938	0.005938	0.005938	0.005938	0.021508	0.021508	0.000000	0.005938	1	0.444141	0.517195	0.038445	0.000219	
1443000	-327.578779	1	434	0.005775	0.005775	0.005775	0.005775	0.026350	0.026350	0.000000	0.005775	0	0.444903	0.506034	0.048772	0.000292	
1446000	-324.000967	1	114	0.005894	0.002726	0.005894	0.002726	0.020023	0.020023	0.002726	0.005894	0	0.194330	0.211168	0.453378	0.141124	
1449000	-325.629444	1	19	0.009396	0.003109	0.003109	0.003109	0.024878	0.024878	0.003109	0.009396	1	0.247529	0.089517	0.446607	0.216347	
1452000	-327.386364	1	338	0.006004	0.006004	0.006004	0.006004	0.019462	0.019462	0.000000	0.006004	0	0.443666	0.522686	0.033463	0.000186	
1455000	-325.393416	1	19	0.009396	0.003109	0.003109	0.003109	0.024878	0.024878	0.003109	0.009396	0	0.245046	0.088509	0.448942	0.217504	
1458000	-327.364183	1	263	0.005200	0.005200	0.005200	0.005200	0.020098	0.020098	0.000000	0.005200	0	0.460920	0.496836	0.042050	0.000193	
1461000	-326.905481	1	579	0.005920	0.005920	0.005920	0.005920	0.022383	0.022383	0.000000	0.005920	0	0.444084	0.515134	0.040547	0.000235	
1464000	-327.071851	1	539	0.005340	0.005340	0.005340	0.005340	0.023108	0.023108	0.000000	0.005340	0	0.455944	0.496336	0.047479	0.000241	
1467000	-327.588445	1	381	0.005687	0.005687	0.005687	0.005687	0.018792	0.018792	0.000000	0.005687	0	0.450723	0.515231	0.033875	0.000171	
1470000	-327.730997	1	398	0.005513	0.005513	0.005513	0.005513	0.025408	0.025408	0.000000	0.005513	1	0.450841	0.499296	0.049590	0.000272	
1473000	-327.543334	1	416	0.005406	0.005406	0.005406	0.005406	0.024382	0.024382	0.000000	0.005406	1	0.453729	0.497018	0.048995	0.000257	
1476000	-327.646037	1	186	0.005490	0.005490	0.005490	0.005490	0.025037	0.025037	0.000000	0.005490	1	0.451556	0.498961	0.049217	0.000267	
1479000	-328.104608	1	58	0.005253	0.005253	0.005253	0.005253	0.022519	0.022519	0.005253	0.005253	0	0.242807	0.220371	0.424662	0.112160	
1482000	-324.303396	1	114	0.005894	0.002726	0.005894	0.002726	0.020023	0.020023	0.002726	0.005894	1	0.195150	0.212279	0.451900	0.140671	
1485000	-327.594505	1	94	0.005365	0.005365	0.005365	0.005365	0.020034	0.020034	0.000000	0.005365	1	0.457231	0.502705	0.039873	0.000191	
1488000	-326.932086	1	0	0.005822	0.005822	0.005822	0.005822	0.021567	0.021567	0.000000	0.005822	0	0.446538	0.513682	0.039559	0.000220	
1491000	-325.385190	1	191	0.009976	0.003660	0.003660	0.003660	0.020586	0.020586	0.003660	0.009976	0	0.290574	0.127737	0.372562	0.209127	
1494000	-327.299112	1	266	0.005224	0.005224	0.005224	0.005224	0.024195	0.024195	0.000000	0.005224	0	0.457746	0.490911	0.051087	0.000255	
1497000	-327.261472	1	438	0.005583	0.005583	0.005583	0.005583	0.019795	0.019795	0.000000	0.005583	0	0.452540	0.509957	0.037315	0.000188	
1500000	-324.303396	1	114	0.005894	0.002726	0.005894	0.002726	0.020023	0.020023	0.002726	0.005894	1	0.195150	0.212279	0.451900	0.140671	
1503000	-327.857980	1	355	0.004918	0.004918	0.004918	0.004918	0.023767	0.023767	0.000000	0.004918	1	0.464679	0.480292	0.054781	0.000248	
1506000	-327.547898	1	348	0.006769	0.006769	0.006769	0.006769	0.020845	0.020845	0.000000	0.006769	0	0.428147	0.538677	0.032951	0.000225	
1509000	-327.392189	1	166	0.005951	0.005951	0.005951	0.005951	0.020837	0.020837	0.000000	0.005951	1	0.444171	0.518742	0.036879	0.000208	
1512000	-325.627828	1	191	0.009976	0.003660	0.003660	0.003660	0.020586	0.020586	0.003660	0.009976	1	0.293408	0.129109	0.369907	0.207576	
1515000	-327.188106	1	81	0.006441	0.006441	0.006441	0.006441	0.021364	0.021364	0.000000	0.006441	0	0.434139	0.530256	0.035378	0.000227	
1518000	-324.303396	1	114	0.005894	0.002726	0.005894	0.002726	0.020023	0.020023	0.002726	0.005894	1	0.195150	0.212279	0.451900	0.140671	
1521000	-327.900109	1	465	0.006090	0.006090	0.006090	0.006090	0.019093	0.019093	0.000000	0.006090	1	0.442014	0.525830	0.031977	0.000179	
1524000	-327.114798	1	237	0.005676	0.005676	0.005676	0.005676	0.020342	0.020342	0.000000	0.005676	0	0.450260	0.511641	0.037901	0.000198	
1527000	-327.325447	1	325	0.005576	0.005576	0.005576	0.005576	0.025289	0.025289	0.000000	0.005576	0	0.449593	0.501210	0.048923	0.000274	
1530000	-327.083018	1	96	0.005420	0.005420	0.005420	0.005420	0.020924	0.020924	0.000000	0.005420	0	0.455517	0.502598	0.041678	0.000207	
1533000	-327.561871	1	152	0.004947	0.004947	0.004947	0.004947	0.024054	0.024054	0.000000	0.004947	0	0.463834	0.480885	0.055028	0.000254	
1536000	-327.268613	1	196	0.005605	0.005605	0.005605	0.005605	0.022556	0.022556	0.000000	0.005605	1	0.450571	0.505837	0.043359	0.000232	
1539000	-327.379932	1	259	0.006768	0.006768	0.006768	0.006768	0.022916	0.022916	0.000000	0.006768	0	0.427356	0.535405	0.036975	0.000264	
1542000	-327.446376	1	44	0.005695	0.005695	0.005695	0.005695	0.024371	0.024371	0.000000	0.005695	1	0.447640	0.506081	0.046019	0.000260	
1545000	-327.288880	1	110	0.005998	0.005998	0.005998	0.005998	0.022048	0.022048	0.000000	0.005998	1	0.442640	0.517963	0.039167	0.000229	
1548000	-327.708841	1	384	0.004930	0.004930	0.004930	0.004930	0.022240	0.022240	0.000000	0.004930	1	0.465524	0.482997	0.051251	0.000227	
1551000	-325.629444	1	19	0.009396	0.003109	0.003109	0.003109	0.024878	0.024878	0.003109	0.009396	1	0.247529	0.089517	0.446607	0.216347	
1554000	-328.174088	1	464	0.004212	0.004212	0.004212	0.004212	0.018797	0.018797	0.004212	0.004212	0	0.249878	0.197037	0.459238	0.093847	
1557000	-325.393416	1	19	0.009396	0.003109	0.003109	0.003109	0.024878	0.024878	0.003109	0.009396	0	0.245046	0.088509	0.448942	0.217504	
1560000	-327.261053	1	135	0.005892	0.005892	0.005892	0.005892	0.022490	0.022490	0.000000	0.005892	1	0.444594	0.514352	0.040820	0.000235	
1563000	-326.936069	1	82	0.006067	0.006067	0.006067	0.006067	0.022541	0.022541	0.000000	0.006067	0	0.441001	0.518910	0.039849	0.000240	
1566000	-324.821999	1	4	0.004990	0.004990	0.004990	0.004990	0.013820	0.027739	0.000000	0.013820	1	0.463791	0.518760	0.016919	0.000530	
1569000	-328.257569	1	3	0.002476	0.002476	0.002476	0.002476	0.018750	0.018750	0.002476	0.018750	0	0.119282	0.090545	0.391252	0.398921	
1572000	-327.983185	1	131	0.005928	0.005928	0.005928	0.005928	0.026476	0.026476	0.000000	0.005928	1	0.441718	0.510469	0.047519	0.000294	
1575000	-325.840756	1	113	0.010353	0.002724	0.002724	0.002724	0.010353	0.027462	0.002724	0.010353	1	0.443824	0.108633	0.337534	0.110009	
1578000	-327.132105	1	342	0.005745	0.005745	0.005745	0.005745	0.024631	0.024631	0.000000	0.005745	0	0.446468	0.507054	0.046211	0.000267	
1581000	-326.906571	1	515	0.005694	0.005694	0.005694	0.005694	0.022385	0.022385	0.000000	0.005694	0	0.448791	0.508625	0.042352	0.000232	
1584000	-328.116006	1	366	0.004281	0.004281	0.004281	0.004281	0.021235	0.021235	0.004281	0.004281	1	0.237929	0.185119	0.483027	0.093925	
1587000	-326.938990	1	229	0.005975	0.005975	0.005975	0.005975	0.023175	0.023175	0.000000	0.005975	0	0.442553	0.515480	0.041717	0.000249	
1590000	-325.393416	1	19	0.009396	0.003109	0.003109	0.003109	0.024878	0.024878	0.003109	0.009396	0	0.245046	0.088509	0.448942	0.217504	
1593000	-328.761857	1	444	0.007442	0.007442	0.007442	0.007442	0.019568	0.019568	0.000000	0.007442	0	0.416666	0.554670	0.028446	0.000218	
1596000	-327.324731	1	417	0.005453	0.005453	0.005453	0.005453	0.022810	0.022810	0.000000	0.005453	1	0.453681	0.500668	0.045416	0.000235	
1599000	-325.385190	1	191	0.009976	0.003660	0.003660	0.003660	0.020586	0.020586	0.003660	0.009976	0	0.290574	0.127737	0.372562	0.209127	
1602000	-324.000967	1	114	0.005894	0.002726	0.005894	0.002726	0.020023	0.020023	0.002726	0.005894	0	0.194330	0.211168	0.453378	0.141124	
1605000	-327.591778	1	265	0.005943	0.005943	0.005943	0.005943	0.019888	0.019888	0.000000	0.005943	1	0.444759	0.520304	0.034745	0.000191	
1608000	-328.031229	1	179	0.005652	0.005652	0.005652	0.005652	0.017853	0.017853	0.000000	0.005652	0	0.451843	0.516435	0.031568	0.000154	
1611000	-324.303396	1	114	0.005894	0.002726	0.005894	0.002726	0.020023	0.020023	0.002726	0.005894	1	0.195150	0.212279	0.451900	0.140671	
1614000	-328.050059	1	234	0.004993	0.004993	0.004993	0.004993	0.026158	0.026158	0.000000	0.004993	0	0.461388	0.480415	0.057917	0.000279	
1617000	-327.356702	1	49	0.006570	0.006570	0.006570	0.006570	0.024480	0.024480	0.000000	0.006570	0	0.430325	0.528798	0.040592	0.000285	
1620000	-324.000967	1	114	0.005894	0.002726	0.005894	0.002726	0.020023	0.020023	0.002726	0.005894	0	0.194330	0.211168	0.453378	0.141124	
1623000	-324.000967	1	114	0.005894	0.002726	0.005894	0.002726	0.020023	0.020023	0.002726	0.005894	0	0.194330	0.211168	0.453378	0.141124	
1626000	-327.149326	1	479	0.005183	0.005183	0.005183	0.005183	0.022033	0.022033	0.000000	0.005183	0	0.460072	0.492577	0.047127	0.000224	
1629000	-332.426899	1	453	0.007541	0.007541	0.007541	0.007541	0.007541	0.027099	0.000000	0.007541	1	0.496827	0.494219	0.008882	0.000072	
1632000	-326.997522	1	85	0.005411	0.005411	0.005411	0.005411	0.022116	0.022116	0.000000	0.005411	0	0.455010	0.500221	0.044543	0.000226	
1635000	-326.905481	1	579	0.005920	0.005920	0.005920	0.005920	0.022383	0.022383	0.000000	0.005920	0	0.444084	0.515134	0.040547	0.000235	
1638000	-327.789204	1	300	0.004671	0.004671	0.004671	0.004671	0.020074	0.020074	0.004671	0.004671	0	0.249332	0.211254	0.437517	0.101897	
1641000	-326.905481	1	579	0.005920	0.005920	0.005920	0.005920	0.022383	0.022383	0.000000	0.005920	0	0.444084	0.515134	0.040547	0.000235	
1644000	-328.233155	1	595	0.006531	0.006531	0.006531	0.006531	0.026543	0.026543	0.000000	0.006531	1	0.430038	0.525780	0.043868	0.000314	
1647000	-324.470707	1	4	0.004990	0.004990	0.004990	0.004990	0.013820	0.027739	0.000000	0.013820	0	0.463817	0.518677	0.016973	0.000533	
1650000	-324.000967	1	114	0.005894	0.002726	0.005894	0.002726	0.020023	0.020023	0.002726	0.005894	0	0.194330	0.211168	0.453378	0.141124	
1653000	-328.391017	1	464	0.004212	0.004212	0.004212	0.004212	0.018797	0.018797	0.004212	0.004212	1	0.250830	0.198128	0.457521	0.093521	
1656000	-326.990249	1	417	0.005453	0.005453	0.005453	0.005453	0.022810	0.022810	0.000000	0.005453	0	0.453684	0.500502	0.045578	0.000237	
1659000	-329.013759	1	492	0.006409	0.006409	0.006409	0.006409	0.029600	0.029600	0.000000	0.006409	0	0.430868	0.519931	0.048845	0.000356	
1662000	-324.470707	1	4	0.004990	0.004990	0.004990	0.004990	0.013820	0.027739	0.000000	0.013820	0	0.463817	0.518677	0.016973	0.000533	
1665000	-327.272080	1	224	0.005811	0.005811	0.005811	0.005811	0.025296	0.025296	0.000000	0.005811	0	0.444753	0.508188	0.046782	0.000278	
1668000	-326.990249	1	417	0.005453	0.005453	0.005453	0.005453	0.022810	0.022810	0.000000	0.005453	0	0.453684	0.500502	0.045578	0.000237	
1671000	-324.470707	1	4	0.004990	0.004990	0.004990	0.004990	0.013820	0.027739	0.000000	0.013820	0	0.463817	0.518677	0.016973	0.000533	
1674000	-327.083018	1	96	0.005420	0.005420	0.005420	0.005420	0.020924	0.020924	0.000000	0.005420	0	0.455517	0.502598	0.041678	0.000207	
1677000	-324.000967	1	114	0.005894	0.002726	0.005894	0.002726	0.020023	0.020023	0.002726	0.005894	0	0.194330	0.211168	0.453378	0.141124	
1680000	-329.480563	1	586	0.007777	0.007777	0.007777	0.007777	0.020510	0.020510	0.000000	0.007777	1	0.410981	0.559213	0.029559	0.000247	
1683000	-325.627828	1	191	0.009976	0.003660	0.003660	0.003660	0.020586	0.020586	0.003660	0.009976	1	0.293408	0.129109	0.369907	0.207576	
1686000	-327.188106	1	81	0.006441	0.006441	0.006441	0.006441	0.021364	0.021364	0.000000	0.006441	0	0.434139	0.530256	0.035378	0.000227	
1689000	-327.836287	1	46	0.004648	0.004648	0.004648	0.004648	0.021454	0.021454	0.000000	0.004648	0	0.472390	0.472499	0.054891	0.000220	
1692000	-325.627828	1	191	0.009976	0.003660	0.003660	0.003660	0.020586	0.020586	0.003660	0.009976	1	0.293408	0.129109	0.369907	0.207576	
1695000	-327.188106	1	81	0.006441	0.006441	0.006441	0.006441	0.021364	0.021364	0.000000	0.006441	0	0.434139	0.530256	0.035378	0.000227	
1698000	-327.135540	1	585	0.006099	0.006099	0.006099	0.006099	0.024543	0.024543	0.000000	0.006099	0	0.439354	0.517022	0.043352	0.000273	
1701000	-329.051189	1	73	0.004600	0.004600	0.004600	0.004600	0.027138	0.027138	0.000000	0.004600	0	0.468957	0.463584	0.067168	0.000291	
1704000	-327.775693	1	231	0.006287	0.006287	0.006287	0.006287	0.026776	0.026776	0.000000	0.006287	0	0.434550	0.519411	0.045727	0.000312	
1707000	-327.402131	1	332	0.005532	0.005532	0.005532	0.005532	0.023866	0.023866	0.000000	0.005532	1	0.451354	0.501728	0.046667	0.000251	
1710000	-328.463976	1	351	0.004554	0.004554	0.004554	0.004554	0.023997	0.023997	0.000000	0.004554	1	0.472304	0.464530	0.062910	0.000256	
1713000	-327.514415	1	585	0.006099	0.006099	0.006099	0.006099	0.024543	0.024543	0.000000	0.006099	1	0.439337	0.517212	0.043181	0.000271	
1716000	-327.676428	1	325	0.005576	0.005576	0.005576	0.005576	0.025289	0.025289	0.000000	0.005576	1	0.449590	0.501399	0.048740	0.000272	
1719000	-327.367560	1	126	0.006736	0.006736	0.006736	0.006736	0.023354	0.023354	0.000000	0.006736	0	0.427760	0.534071	0.037899	0.000271	
1722000	-327.194838	1	337	0.005910	0.005910	0.005910	0.005910	0.020042	0.020042	0.000000	0.005910	0	0.445410	0.518945	0.035450	0.000195	
1725000	-327.750054	1	532	0.005619	0.005619	0.005619	0.005619	0.018428	0.018428	0.000000	0.005619	0	0.452356	0.514080	0.033399	0.000165	
1728000	-328.251205	1	129	0.007480	0.007480	0.007480	0.007480	0.022756	0.022756	0.000000	0.007480	0	0.415097	0.550151	0.034466	0.000286	
1731000	-328.125472	1	240	0.004945	0.004945	0.004945	0.004945	0.025169	0.025169	0.000000	0.004945	1	0.463110	0.479702	0.056922	0.000266	
1734000	-325.676590	1	113	0.010353	0.002724	0.002724	0.002724	0.010353	0.027462	0.002724	0.010353	0	0.442788	0.108190	0.338781	0.110241	
1737000	-327.854382	1	343	0.006719	0.006719	0.006719	0.006719	0.021096	0.021096	0.000000	0.006719	1	0.428945	0.537310	0.033518	0.000227	
1740000	-327.306294	1	32	0.005938	0.005938	0.005938	0.005938	0.021508	0.021508	0.000000	0.005938	1	0.444141	0.517195	0.038445	0.000219	
1743000	-327.394076	1	538	0.005294	0.005294	0.005294	0.005294	0.022540	0.022540	0.000000	0.005294	1	0.457303	0.495791	0.046675	0.000230	
1746000	-324.470707	1	4	0.004990	0.004990	0.004990	0.004990	0.013820	0.027739	0.000000	0.013820	0	0.463817	0.518677	0.016973	0.000533	
1749000	-327.418822	1	312	0.005415	0.005415	0.005415	0.005415	0.019436	0.019436	0.000000	0.005415	0	0.456449	0.505459	0.037910	0.000182	
1752000	-328.297523	1	462	0.004171	0.004171	0.004171	0.004171	0.019431	0.019431	0.004171	0.004171	1	0.246015	0.190981	0.470476	0.092529	
1755000	-327.383346	1	398	0.005513	0.005513	0.005513	0.005513	0.025408	0.025408	0.000000	0.005513	0	0.450843	0.499108	0.049775	0.000274	
1758000	-327.045569	1	183	0.006192	0.006192	0.006192	0.006192	0.021353	0.021353	0.000000	0.006192	0	0.439051	0.524075	0.036652	0.000222	
1761000	-327.744029	1	296	0.006430	0.006430	0.006430	0.006430	0.020321	0.020321	0.000000	0.006430	1	0.434744	0.531949	0.033101	0.000206	
1764000	-328.401060	1	93	0.005033	0.005033	0.005033	0.005033	0.018741	0.018741	0.005033	0.005033	1	0.261891	0.240066	0.390146	0.107897	
1767000	-326.951080	1	187	0.006066	0.006066	0.006066	0.006066	0.023051	0.023051	0.000000	0.006066	0	0.440776	0.518121	0.040854	0.000249	
1770000	-324.470707	1	4	0.004990	0.004990	0.004990	0.004990	0.013820	0.027739	0.000000	0.013820	0	0.463817	0.518677	0.016973	0.000533	
1773000	-326.951080	1	187	0.006066	0.006066	0.006066	0.006066	0.023051	0.023051	0.000000	0.006066	0	0.440776	0.518121	0.040854	0.000249	
1776000	-327.395792	1	244	0.006155	0.006155	0.006155	0.006155	0.021373	0.021373	0.000000	0.006155	1	0.439763	0.523248	0.036769	0.000220	
1779000	-327.402453	1	226	0.006058	0.006058	0.006058	0.006058	0.020993	0.020993	0.000000	0.006058	1	0.441911	0.521335	0.036542	0.000212	
1782000	-325.629444	1	19	0.009396	0.003109	0.003109	0.003109	0.024878	0.024878	0.003109	0.009396	1	0.247529	0.089517	0.446607	0.216347	
1785000	-324.821999	1	4	0.004990	0.004990	0.004990	0.004990	0.013820	0.027739	0.000000	0.013820	1	0.463791	0.518760	0.016919	0.000530	
1788000	-327.608484	1	395	0.006855	0.006855	0.006855	0.006855	0.021007	0.021007	0.000000	0.006855	0	0.426509	0.540286	0.032975	0.000230	
1791000	-326.936069	1	82	0.006067	0.006067	0.006067	0.006067	0.022541	0.022541	0.000000	0.006067	0	0.441001	0.518910	0.039849	0.000240	
1794000	-328.899372	1	421	0.005489	0.005489	0.005489	0.005489	0.017790	0.017790	0.005489	0.005489	0	0.268490	0.265967	0.349366	0.116176	
1797000	-327.676428	1	325	0.005576	0.005576	0.005576	0.005576	0.025289	0.025289	0.000000	0.005576	1	0.449590	0.501399	0.048740	0.000272	
1800000	-327.392189	1	166	0.005951	0.005951	0.005951	0.005951	0.020837	0.020837	0.000000	0.005951	1	0.444171	0.518742	0.036879	0.000208	
1803000	-329.028111	1	586	0.007777	0.007777	0.007777	0.007777	0.020510	0.020510	0.000000	0.007777	0	0.411028	0.559044	0.029678	0.000249	
1806000	-325.627828	1	191	0.009976	0.003660	0.003660	0.003660	0.020586	0.020586	0.003660	0.009976	1	0.293408	0.129109	0.369907	0.207576	
1809000	-329.191021	1	444	0.007442	0.007442	0.007442	0.007442	0.019568	0.019568	0.000000	0.007442	1	0.416626	0.554820	0.028339	0.000215	
1812000	-327.704829	1	322	0.005678	0.005678	0.005678	0.005678	0.026657	0.026657	0.000000	0.005678	0	0.446708	0.502892	0.050107	0.000293	
1815000	-327.367250	1	122	0.005018	0.005018	0.005018	0.005018	0.023276	0.023276	0.000000	0.005018	0	0.462847	0.484629	0.052281	0.000243	
1818000	-327.645993	1	389	0.005071	0.005071	0.005071	0.005071	0.020818	0.020818	0.000000	0.005071	1	0.463363	0.490913	0.045520	0.000204	
1821000	-327.812617	1	240	0.004945	0.004945	0.004945	0.004945	0.025169	0.025169	0.000000	0.004945	0	0.463096	0.479521	0.057115	0.000268	
1824000	-324.821999	1	4	0.004990	0.004990	0.004990	0.004990	0.013820	0.027739	0.000000	0.013820	1	0.463791	0.518760	0.016919	0.000530	
1827000	-326.932086	1	0	0.005822	0.005822	0.005822	0.005822	0.021567	0.021567	0.000000	0.005822	0	0.446538	0.513682	0.039559	0.000220	
1830000	-328.413020	1	472	0.005752	0.005752	0.005752	0.005752	0.028456	0.028456	0.000000	0.005752	0	0.444207	0.503523	0.051953	0.000318	
1833000	-327.261472	1	438	0.005583	0.005583	0.005583	0.005583	0.019795	0.019795	0.000000	0.005583	0	0.452540	0.509957	0.037315	0.000188	
1836000	-324.000967	1	114	0.005894	0.002726	0.005894	0.002726	0.020023	0.020023	0.002726	0.005894	0	0.194330	0.211168	0.453378	0.141124	
1839000	-325.393416	1	19	0.009396	0.003109	0.003109	0.003109	0.024878	0.024878	0.003109	0.009396	0	0.245046	0.088509	0.448942	0.217504	
1842000	-327.171698	1	90	0.006447	0.006447	0.006447	0.006447	0.021542	0.021542	0.000000	0.006447	0	0.433965	0.530088	0.035717	0.000231	
1845000	-327.720206	1	397	0.004741	0.004741	0.004741	0.004741	0.023102	0.023102	0.000000	0.004741	0	0.469002	0.473823	0.056932	0.000242	
1848000	-327.851740	1	426	0.005686	0.005686	0.005686	0.005686	0.026011	0.026011	0.000000	0.005686	1	0.446907	0.503956	0.048853	0.000283	
1851000	-327.265802	1	95	0.006556	0.006556	0.006556	0.006556	0.023881	0.023881	0.000000	0.006556	0	0.430862	0.529237	0.039626	0.000275	
1854000	-324.000967	1	114	0.005894	0.002726	0.005894	0.002726	0.020023	0.020023	0.002726	0.005894	0	0.194330	0.211168	0.453378	0.141124	
1857000	-327.832908	1	164	0.004422	0.004422	0.004422	0.004422	0.021685	0.021685	0.004422	0.004422	0	0.237100	0.188535	0.477533	0.096832	
1860000	-326.972482	1	121	0.005576	0.005576	0.005576	0.005576	0.021405	0.021405	0.000000	0.005576	0	0.451840	0.506675	0.041270	0.000215	
1863000	-324.821999	1	4	0.004990	0.004990	0.004990	0.004990	0.013820	0.027739	0.000000	0.013820	1	0.463791	0.518760	0.016919	0.000530	
1866000	-328.098089	1	276	0.005320	0.005320	0.005320	0.005320	0.021925	0.021925	0.005320	0.005320	0	0.245863	0.226596	0.414055	0.113485	
1869000	-327.796227	1	278	0.005461	0.005461	0.005461	0.005461	0.026649	0.026649	0.000000	0.005461	0	0.451187	0.496228	0.052296	0.000289	
1872000	-328.163205	1	324	0.007265	0.007265	0.007265	0.007265	0.025128	0.025128	0.000000	0.007265	0	0.417745	0.542906	0.039026	0.000324	
1875000	-324.470707	1	4	0.004990	0.004990	0.004990	0.004990	0.013820	0.027739	0.000000	0.013820	0	0.463817	0.518677	0.016973	0.000533	
1878000	-327.037698	1	166	0.005951	0.005951	0.005951	0.005951	0.020837	0.020837	0.000000	0.005951	0	0.444187	0.518592	0.037011	0.000210	
1881000	-327.171698	1	90	0.006447	0.006447	0.006447	0.006447	0.021542	0.021542	0.000000	0.006447	0	0.433965	0.530088	0.035717	0.000231	
1884000	-327.562932	1	475	0.005790	0.005790	0.005790	0.005790	0.019884	0.019884	0.000000	0.005790	1	0.448011	0.516017	0.035782	0.000190	
1887000	-327.570986	1	305	0.004808	0.004808	0.004808	0.004808	0.022332	0.022332	0.000000	0.004808	0	0.468141	0.477794	0.053834	0.000231	
1890000	-328.272006	1	262	0.004701	0.004701	0.004701	0.004701	0.018913	0.018913	0.000000	0.004701	0	0.473242	0.480573	0.046007	0.000178	
1893000	-325.385190	1	191	0.009976	0.003660	0.003660	0.003660	0.020586	0.020586	0.003660	0.009976	0	0.290574	0.127737	0.372562	0.209127	
1896000	-327.561871	1	152	0.004947	0.004947	0.004947	0.004947	0.024054	0.024054	0.000000	0.004947	0	0.463834	0.480885	0.055028	0.000254	
1899000	-327.007494	1	308	0.006163	0.006163	0.006163	0.006163	0.023428	0.023428	0.000000	0.006163	0	0.438648	0.520152	0.040943	0.000257	
1902000	-327.383346	1	398	0.005513	0.005513	0.005513	0.005513	0.025408	0.025408	0.000000	0.005513	0	0.450843	0.499108	0.049775	0.000274	
1905000	-327.126818	1	508	0.005549	0.005549	0.005549	0.005549	0.020396	0.020396	0.000000	0.005549	0	0.452987	0.507686	0.039129	0.000199	
1908000	-329.050658	1	10	0.007696	0.007696	0.007696	0.007696	0.023329	0.023329	0.000000	0.007696	1	0.411387	0.553487	0.034822	0.000304	
1911000	-324.000967	1	114	0.005894	0.002726	0.005894	0.002726	0.020023	0.020023	0.002726	0.005894	0	0.194330	0.211168	0.453378	0.141124	
1914000	-327.205686	1	416	0.005406	0.005406	0.005406	0.005406	0.024382	0.024382	0.000000	0.005406	0	0.453730	0.496839	0.049173	0.000259	
1917000	-327.153394	1	15	0.006086	0.006086	0.006086	0.006086	0.024657	0.024657	0.000000	0.006086	0	0.439547	0.516546	0.043633	0.000274	
1920000	-324.303396	1	114	0.005894	0.002726	0.005894	0.002726	0.020023	0.020023	0.002726	0.005894	1	0.195150	0.212279	0.451900	0.140671	
1923000	-328.047234	1	309	0.004847	0.004847	0.004847	0.004847	0.020304	0.020304	0.004847	0.004847	1	0.251334	0.219373	0.424781	0.104513	
1926000	-327.165915	1	443	0.006189	0.006189	0.006189	0.006189	0.020579	0.020579	0.000000	0.006189	0	0.439437	0.525364	0.034990	0.000208	
1929000	-328.429454	1	551	0.004637	0.004637	0.004637	0.004637	0.024553	0.024553	0.000000	0.004637	1	0.470116	0.467637	0.061985	0.000261	
1932000	-327.840338	1	329	0.006810	0.006810	0.006810	0.006810	0.022204	0.022204	0.000000	0.006810	1	0.426842	0.537568	0.035340	0.000250	
1935000	-327.367250	1	122	0.005018	0.005018	0.005018	0.005018	0.023276	0.023276	0.000000	0.005018	0	0.462847	0.484629	0.052281	0.000243	
1938000	-327.762511	1	49	0.006570	0.006570	0.006570	0.006570	0.024480	0.024480	0.000000	0.006570	1	0.430298	0.528995	0.040425	0.000282	
1941000	-326.990249	1	417	0.005453	0.005453	0.005453	0.005453	0.022810	0.022810	0.000000	0.005453	0	0.453684	0.500502	0.045578	0.000237	
1944000	-327.543334	1	416	0.005406	0.005406	0.005406	0.005406	0.024382	0.024382	0.000000	0.005406	1	0.453729	0.497018	0.048995	0.000257	
1947000	-324.000967	1	114	0.005894	0.002726	0.005894	0.002726	0.020023	0.020023	0.002726	0.005894	0	0.194330	0.211168	0.453378	0.141124	
1950000	-328.042153	1	504	0.006845	0.006845	0.006845	0.006845	0.024682	0.024682	0.000000	0.006845	1	0.425170	0.534962	0.039573	0.000295	
1953000	-328.089185	1	51	0.004835	0.004835	0.004835	0.004835	0.018626	0.018626	0.004835	0.004835	0	0.259729	0.230543	0.404692	0.105037	
1956000	-327.708841	1	384	0.004930	0.004930	0.004930	0.004930	0.022240	0.022240	0.000000	0.004930	1	0.465524	0.482997	0.051251	0.000227	
1959000	-326.920451	1	79	0.005636	0.005636	0.005636	0.005636	0.022055	0.022055	0.000000	0.005636	0	0.450209	0.507394	0.042171	0.000226	
1962000	-325.739513	1	105	0.011966	0.005270	0.005270	0.005270	0.011966	0.031983	0.000000	0.011966	1	0.609294	0.366980	0.023077	0.000649	
1965000	-328.365311	1	390	0.006869	0.006869	0.006869	0.006869	0.026035	0.026035	0.000000	0.006869	1	0.424134	0.533939	0.041609	0.000319	
1968000	-325.393416	1	19	0.009396	0.003109	0.003109	0.003109	0.024878	0.024878	0.003109	0.009396	0	0.245046	0.088509	0.448942	0.217504	
1971000	-328.773202	1	359	0.006011	0.006011	0.006011	0.006011	0.028463	0.028463	0.000000	0.006011	1	0.439027	0.510958	0.049692	0.000323	
1974000	-328.242739	1	471	0.004943	0.004943	0.004943	0.004943	0.025574	0.025574	0.000000	0.004943	1	0.462861	0.479239	0.057630	0.000271	
1977000	-326.910909	1	441	0.005865	0.005865	0.005865	0.005865	0.021937	0.021937	0.000000	0.005865	0	0.445446	0.514299	0.040028	0.000227	
1980000	-326.501617	1	597	0.013639	0.004575	0.004575	0.004575	0.013639	0.026244	0.000000	0.013639	1	0.643990	0.322713	0.032060	0.001237	
1983000	-327.625333	1	266	0.005224	0.005224	0.005224	0.005224	0.024195	0.024195	0.000000	0.005224	1	0.457751	0.491088	0.050908	0.000254	
1986000	-327.041807	1	341	0.006321	0.006321	0.006321	0.006321	0.022519	0.022519	0.000000	0.006321	0	0.435977	0.525479	0.038299	0.000245	
1989000	-326.932339	1	155	0.006041	0.006041	0.006041	0.006041	0.022188	0.022188	0.000000	0.006041	0	0.441707	0.518748	0.039311	0.000234	
1992000	-327.036646	1	270	0.005613	0.005613	0.005613	0.005613	0.023902	0.023902	0.000000	0.005613	0	0.449637	0.504004	0.046104	0.000255	
1995000	-329.475896	1	350	0.004037	0.004037	0.004037	0.004037	0.019803	0.019803	0.000000	0.004037	0	0.487034	0.444767	0.067987	0.000211	
1998000	-328.442597	1	445	0.004839	0.004839	0.004839	0.004839	0.018262	0.018262	0.004839	0.004839	1	0.263211	0.235394	0.396786	0.104609	
